-2.649611694837825365e-03
3.128631447215517863e-03
1.226299405716441918e-03
-6.831184356587822982e-04
-6.477882657782712975e-04
-9.072763563781528371e-04
-1.198527523328482124e-03
2.513216049917670666e-03
-3.440564252537415906e-04
2.825390845733659968e-04
-1.706791232482932031e-03
-1.297914683741455437e-03
1.722574796010879327e-03
-3.649635036496350136e-04
-2.898821769216383074e-03
-1.815666609026456938e-03
-8.543357539513028774e-04
-2.718868950516584865e-04
8.514986376021798059e-05
1.285126799177518800e-03
2.037791774731382080e-03
-3.404834865509022554e-04
3.310344827586206816e-03
2.668801708033093144e-04
-2.744488152959472893e-04
4.416878112959308524e-03
-2.103233721847340074e-03
5.440900562851782793e-03
-1.707941929974380907e-04
-1.188734455010973011e-03
4.455930843953301757e-04
6.341154090044388066e-04
-4.572473708276177259e-04
7.774034724021766998e-04
1.619724646810042279e-03
8.425388504025463311e-04
2.485856334647694368e-03
1.715412985676301628e-04
1.374435499705478191e-03
6.873527101335428048e-04
2.556455048998721650e-04
1.143058120109030108e-03
-1.705902422381439909e-04
2.551237350114805564e-04
-8.539709649871904536e-05
5.126890540886952030e-04
-4.916420845624385090e-03
7.784120394395433471e-04
1.700102006120367281e-04
6.293832044596295262e-04
4.045605001838911696e-03
-8.531614371030429552e-04
-5.518256231030994278e-04
3.213072615441109076e-03
-1.040681173131504256e-03
-5.295921211558115953e-03
-2.319189142758976228e-03
-9.412167365448789432e-04
5.126890540886952030e-04
1.097694840834248118e-03
2.760905577029265862e-04
1.571709233791748457e-03
5.404431633939830656e-04
5.518256231030994278e-04
1.956217978574755628e-03
-4.548575351870923038e-03
-1.648303981955408963e-03
-8.540438978563498647e-05
3.046528803545051848e-03
1.429734865623020525e-02
-1.125931058375194806e-03
8.062078000604655514e-04
2.762176595156983893e-03
1.758327635049330897e-03
-1.221460114629333753e-03
9.475080538184574037e-05
9.144947416552354788e-05
-2.753809436387001913e-03
1.959247648902821240e-04
5.492996429552320786e-04
-6.047516198704103695e-04
6.387444109864038808e-04
-9.796238244514106201e-05
-8.452535760728218869e-03
-8.540438978563497834e-04
2.002730996813837077e-03
6.996501749125437703e-04
-1.712622024319232624e-04
1.195457262402868995e-03
-1.493710691823899386e-02
-8.576329331046311506e-05
-6.813149378300119210e-04
-1.707941929974380907e-04
6.831767719897523629e-04
8.379108090494366903e-04
-1.791472590469365684e-04
-6.335988414192613881e-04
1.198216607839494748e-02
1.368363437328954562e-03
-1.367365542388331891e-03
7.369875633348686988e-04
-1.334757074212493356e-03
-9.506607091928890750e-04
0.000000000000000000e+00
8.512811781731505602e-05
-2.594482400761048430e-04
-2.995132909022838082e-03
-1.519892713455520692e-03
3.432592465459538469e-04
1.742000550105436956e-03
3.650967506389193244e-04
-9.379103357719002169e-04
-9.043226623259178988e-04
5.276547630264769549e-03
2.165087956698241028e-03
4.602356406480117733e-04
1.602421436837888269e-03
5.649185575746163345e-04
-4.140596245859403876e-03
9.411362080766598210e-04
-6.341728574017032509e-04
1.155452848635676877e-03
-2.843601895734597352e-04
-1.285701166314629374e-03
-5.472455308281648674e-04
-7.762635846127307476e-04
4.444856005185665766e-03
1.124567474048443006e-03
9.158347834050736954e-04
-1.307320997586484393e-03
9.366804046459347713e-04
2.433090024330900308e-03
-4.597701149425287184e-04
3.070338667659099161e-03
-4.621926418931410663e-04
-1.645306546588153887e-03
-1.455978074683110740e-03
3.971836071493049618e-03
2.556455048998721650e-04
-6.440334897414665832e-03
1.204508302503656640e-03
-1.387684301821335642e-03
-4.285959197668438359e-04
2.830372828420846948e-03
3.844745514463566473e-03
2.105263157894736795e-03
-1.521346391556527462e-03
0.000000000000000000e+00
4.372207965022336697e-03
6.061130833838427202e-04
3.523990241257793539e-03
-1.693798814340830060e-03
-4.011568243306278848e-03
2.594033722438391699e-04
-4.920819540127046275e-03
-3.206942086398792587e-03
2.263672582397682157e-03
-2.164502164502164500e-03
6.910253088019348202e-04
-6.030843456534849345e-04
3.335136109608797562e-03
-1.462389178320080410e-03
1.073729420186113163e-03
-2.006200984862301605e-03
9.368080395162663642e-04
-3.553660270078180458e-04
1.638896476372575864e-03
-1.547987616099071300e-03
0.000000000000000000e+00
1.974055273547659518e-03
9.557737422886436766e-04
8.606592649969877331e-04
1.694746286511813419e-03
4.174986385913959097e-03
5.352363960749330742e-04
5.337128624799857479e-04
7.301268595418453555e-04
-1.027941313895897654e-03
-4.811547714514835539e-03
1.285126799177518800e-03
6.351578554081823043e-03
2.986467568828744552e-03
2.171450151057401946e-03
1.707941929974380907e-04
1.337732988495496291e-03
1.745521359669269723e-03
-1.025816378868182627e-03
2.247611912343135555e-03
3.421727972626176489e-04
-8.602890571231933581e-05
1.215066828675577049e-03
-4.034698406294129716e-04
9.063717937097797036e-05
-1.823066589905968180e-03
1.381088297578491947e-03
2.256699576868829212e-03
-7.931500675980170459e-03
-4.485142963931975160e-03
-4.530438886267106925e-03
8.593280054996991894e-05
