0.000000000000000000e+00
-1.079554891214084015e-03
4.008658702798043624e-04
0.000000000000000000e+00
-4.186202277294039271e-03
6.509886890715273992e-04
1.588562351072279498e-03
-1.596424010217113764e-04
1.246364769422517692e-03
2.008838891120932023e-03
-2.479953707530792653e-04
-2.176190859998388197e-03
4.200974626113258468e-04
1.646226026833484148e-04
-5.665722379603399051e-04
2.500806711842529749e-03
1.055708949163553781e-03
8.898236531305614427e-04
2.704918032786885352e-03
8.060615831049491517e-05
-2.483649308717609085e-04
3.328340822100183121e-04
-4.175016700066800463e-04
5.886805146749642765e-04
-1.378974691758598362e-03
-5.771643663739021123e-03
1.195600191296030670e-03
-1.673840267814442938e-03
4.251339171839129218e-04
-1.342845153168275218e-03
-2.679806362378976507e-03
5.611672278338945483e-04
6.509357200976403175e-04
-8.121497604158206898e-05
6.609931421961497307e-04
7.780755597821388623e-04
1.090055341271172276e-03
3.980574795000398265e-04
1.055537512179279078e-03
1.333889120466861091e-03
-5.681818181818181542e-04
-6.449532408900354339e-04
-4.388229220443985550e-03
1.658649859014762042e-04
2.042727040599200041e-03
-1.647717910693689174e-04
-8.267195767195766737e-04
8.229775327133568978e-05
0.000000000000000000e+00
-1.610824742268041206e-04
-1.252054151342045507e-03
-8.904719501335707716e-04
3.986922892911250963e-04
1.810188776829583634e-03
4.782400765184122680e-04
8.336112037345781429e-05
1.338240214118434227e-03
-3.347840642785403610e-04
3.237031641984300379e-03
2.417015791169835706e-04
2.483727303871188872e-03
-6.714789323484975439e-04
1.420335867658116796e-03
7.318858258111735028e-04
-2.986857825567503129e-03
2.432892709431513998e-04
-1.593752490238266090e-04
0.000000000000000000e+00
8.373806732540613152e-04
1.400560224089635866e-03
-5.148005148005147620e-04
-8.115565654926148184e-05
-1.247712527033771439e-03
-3.238604161606347407e-04
2.779649595687331415e-03
1.859678782755705764e-03
4.852405984634047646e-04
-1.558967963208356198e-04
-3.119854406794349538e-03
-1.781321570955975847e-03
-2.413904087544254805e-04
-9.720534629404617476e-04
5.946818452128110975e-04
5.857740585774058985e-04
6.678911337451995866e-04
-6.024096385542169205e-04
1.753214226081148712e-03
-1.621533971136695346e-04
-1.623113130985229637e-04
-8.043758043758043495e-05
-8.418925745074928033e-05
4.026413271058141381e-04
0.000000000000000000e+00
-1.438727149627623547e-03
4.872107186358100046e-04
1.722949689869055856e-03
8.025682182985553704e-04
1.611343860779890398e-03
-6.481406465202949399e-04
-3.914200720212932427e-04
5.501414649481295611e-04
8.008970046452026112e-05
-8.480325644504748328e-05
-2.235654549971019360e-03
1.663063362714119371e-04
2.503337783711615688e-04
9.182736455463728084e-04
-1.784410738908265032e-03
-2.519314746388982233e-04
-5.483315055616480929e-04
2.084549320436921566e-03
-3.216468317787069767e-04
-7.808229874287499032e-05
1.743027888446215109e-03
1.202129486518976496e-03
7.151370679380214404e-04
5.823627287853576969e-04
2.525890376357666314e-04
4.133256179217987755e-04
4.004805766920304343e-04
-1.546524615516796895e-03
-1.680941327143200149e-03
-1.426533523537803182e-03
2.277163305139882996e-03
-1.771907216494845354e-03
3.992972368631209231e-04
8.340979230961714482e-04
-1.117991056071551519e-03
-4.756996749385554576e-04
-3.476638683965064050e-03
-2.487974788522143198e-04
-1.088074023303632620e-02
8.341675008341675388e-05
9.140008309098462350e-04
-1.365352180547747124e-03
0.000000000000000000e+00
3.006765221748934971e-03
8.387854386847844483e-04
4.070335395636600316e-04
2.119507622075487117e-03
2.646180110968843202e-03
-7.208650380456547383e-04
-1.603977865105461471e-04
0.000000000000000000e+00
-1.494768310911808720e-03
-6.469351447517386567e-04
-3.972036860502065514e-04
-1.216150478352521483e-03
8.025682182985553704e-04
-1.173020527859237536e-03
-6.355763883371732918e-04
1.087866108786610846e-03
2.551237350114805564e-04
-1.420691960554905549e-03
1.780943900267141543e-03
-5.807682734588899250e-04
8.512811781731505602e-05
7.544581618655692504e-03
2.411963338157260101e-04
-1.524634890065800115e-03
1.051354630004043729e-03
9.871668311944717996e-04
1.589951506479052475e-04
-2.139461172741679955e-03
8.391373667869430480e-05
2.188183807439824866e-03
-3.972668043858255406e-04
-2.396357536544452532e-04
5.342683028633441952e-03
-1.662234042553191449e-04
-4.982974835977078618e-04
1.430855988553152072e-03
5.480310028967352995e-04
5.018400802944128622e-04
-5.821689953426480244e-04
8.367500627562547385e-05
3.180661577608142731e-04
-1.532505242781093818e-03
6.442261233693026426e-04
-2.403653553401169840e-04
2.436845097879944855e-04
-6.660006660006660001e-04
1.004520341536916219e-03
-2.475247524752475278e-03
1.286380447017205315e-03
-9.951899154088572792e-04
-2.913844699952748609e-03
-1.652619401751776623e-04
2.260549229738781103e-03
0.000000000000000000e+00
0.000000000000000000e+00
-1.329579227279837315e-03
1.485303314571607362e-03
2.434315453706035245e-03
-4.172577818576316227e-04
-4.261247234286650969e-03
2.889934770043762081e-03
-2.511090650372478422e-04
-3.866520971673531159e-03
1.603334936668270060e-04
