-8.810572687224670259e-05
3.576537911301859787e-03
-1.047851903597624926e-03
2.622606871230002620e-04
-2.626740215392697839e-04
-2.911079745942131425e-03
0.000000000000000000e+00
-1.509903188560262829e-03
-1.848103493795652617e-03
-9.467251914966864955e-04
-6.024614854978913372e-04
-9.635599159074982904e-04
1.854959809204133813e-03
-1.143560872624912062e-03
6.196883852691218017e-04
9.898317286061370564e-04
-2.756846167983826581e-04
1.294554241822732472e-03
-1.069042316258351838e-03
6.023578005335169508e-04
-8.614006374364716750e-04
8.802816901408451174e-05
2.181818181818181903e-03
3.255036509193278901e-03
6.016847172081829336e-04
1.514611546685673635e-03
1.349406261245052110e-03
8.601410631343539765e-05
2.967892796114758504e-03
2.435504239581454296e-03
-4.240955513242166894e-03
-6.108202443280977756e-04
-9.166225982725189486e-03
1.843148096949589869e-04
4.598546859192495051e-04
-5.402579295921924353e-03
2.920240919875889598e-03
8.983918785374180374e-05
3.592599245554158527e-04
-9.468066792907557129e-04
-1.764290755116443288e-04
7.160759040458289110e-04
2.193383293730579494e-03
2.632502632502632515e-04
-1.343363782912412614e-03
-5.147563486616335299e-04
-1.846803271480080980e-03
1.749016178399650189e-04
1.321935313298669337e-03
-1.786990707648320278e-04
-7.046595613494230576e-04
1.217179620935489532e-03
2.806279049372971922e-03
5.288207297726070857e-04
-2.225783475783475827e-03
2.517759194317057726e-03
2.623524267599475148e-04
-1.622791200865488686e-03
9.019572472264814446e-05
1.586462189317821257e-03
-1.329433661260303115e-03
-5.478951693909232291e-04
7.749268124677113814e-04
-4.492204703602571680e-03
2.104340201665935804e-03
1.332859427759019002e-03
-8.614748449345279010e-05
-1.751466853489797634e-04
1.763979537837361119e-04
1.158542019427858446e-03
-1.163727508727956279e-03
-1.327433628318584052e-03
2.091099190835530447e-03
8.138903960933260547e-04
5.247966413014956396e-04
1.817552362818071650e-03
-8.923790826343030481e-04
8.009255139272047951e-04
8.884150675195451145e-04
-1.846892603195124263e-04
-8.618460742911316112e-04
-1.775410563692854057e-04
1.538740043446777672e-03
-1.048859365440083869e-03
-9.878760664571170982e-04
2.666429650697715870e-04
1.683650863978732818e-03
-9.191176470588235167e-05
6.952894142186685647e-04
-5.390351271224507954e-04
-8.012820512820512543e-04
-5.205622071837584519e-04
1.441701207424761272e-03
1.776830135039090229e-03
1.979516309493071537e-03
1.356606674504838485e-03
-6.892392521754114312e-04
-5.174644243208279632e-04
-1.448357020005431282e-03
-1.259106034715352191e-03
1.811102055600833163e-03
8.536064874093043497e-04
-7.099751508697195544e-04
7.771349624384768593e-04
-4.306261303935922792e-04
-6.330258636281424749e-04
-6.076388888888888985e-04
7.276696379843551393e-04
-1.135668734166157172e-03
-9.564583712880306635e-03
-3.330932661145120845e-03
-9.160864785635763918e-05
1.447794242888775359e-03
5.180005180005180362e-04
-5.270555165144061305e-04
2.628581442215018027e-04
3.243535453644472329e-03
1.226778829302488643e-03
-2.745492815960464653e-04
1.351960342496620181e-03
-1.757469244288225067e-04
3.222715791307377391e-03
5.086206896551723720e-03
-1.164978940765301488e-03
1.287593120573898593e-03
-8.886519150448769333e-05
4.495594317568782795e-04
7.393032067276591535e-04
8.627383314640669609e-04
-2.625590757920532345e-04
1.331912626531699551e-03
-1.236858379715522665e-03
7.329363261566651565e-04
4.545041359876374892e-04
7.109215320359015466e-04
-9.891196834817012496e-04
-4.392129304286717935e-04
-6.668493651228646693e-03
8.843296781039972120e-04
2.175615699242885916e-03
-3.918425505387835434e-03
6.994841304537903481e-04
-1.716738197424892828e-04
2.587991718426501222e-04
4.048218783735156763e-03
1.081178484548157587e-03
7.204610951008645061e-04
1.809136137494346509e-04
-6.293832044596295262e-04
-1.154529307282415717e-03
0.000000000000000000e+00
-8.991997122560920451e-05
3.576537911301859787e-03
1.165083348270299236e-03
2.795815295815295976e-03
2.327586206896551518e-03
-1.064962726304579440e-03
1.498193355071825118e-03
6.593602423594403968e-03
-4.482696790389097911e-04
8.869179600886917952e-05
9.523809523809523801e-04
1.996551411198838489e-03
2.268365032280579303e-03
0.000000000000000000e+00
3.101187311713627607e-03
2.676181980374665371e-04
1.913043478260869614e-03
-1.718360683907552166e-04
-1.786033220217896024e-04
-7.755946225439503110e-04
1.384274640088593682e-03
-9.459110843580703512e-04
6.298929182039053306e-04
1.619870410367170617e-03
8.833922261484098554e-05
2.649346209725664258e-03
-2.665955745134630664e-04
5.275189027606822217e-04
5.262234695667427275e-04
2.066471499913897017e-03
2.629733520336605818e-04
-1.291878391180776783e-03
-9.461551694477894148e-04
1.800504141159524796e-04
5.157740909481646745e-04
5.322451876164286701e-04
-6.252791424743188702e-04
-5.205170469332870810e-04
5.425935973955507393e-04
2.514593623709025696e-03
-8.009967960128159918e-04
-8.742022904100008734e-04
-5.190760446405397882e-04
3.488799118619169935e-03
6.220563405314138939e-04
-1.742160278745644598e-03
-2.030546481857508582e-03
-1.156172180718605461e-03
-2.587098999655053637e-04
