-2.877573877832342517e-02
6.541077969649398277e-03
-4.179763826352900918e-02
-3.718610552104296280e-02
-2.510532198435216217e-02
6.646771568095496963e-02
-2.795004672500212353e-02
6.646771568095496963e-02
-3.991838907123214375e-03
-3.033159112329706156e-02
-3.033159112329706156e-02
-1.715265866209262496e-02
-1.890989988876529485e-02
6.646771568095496963e-02
-2.842509603072983226e-02
-3.806584362139917715e-02
-2.795004672500212353e-02
-8.757334267448988168e-05
-2.525339288781996289e-02
6.646771568095496963e-02
1.179863660199265835e-02
1.179863660199265835e-02
7.077944774554351288e-03
-1.261339092872570261e-02
-8.757334267448988168e-05
-3.806584362139917715e-02
3.130787547402769100e-02
6.146104771318177534e-02
-2.525339288781996289e-02
6.146104771318177534e-02
-3.718610552104296280e-02
-2.874883048396699795e-02
2.216508555723025256e-02
1.179863660199265835e-02
6.541077969649398277e-03
-3.991838907123214375e-03
-1.715265866209262496e-02
-2.926456866570531848e-02
2.270919855085270014e-02
-2.874883048396699795e-02
-4.179763826352900918e-02
-1.715265866209262496e-02
6.541077969649398277e-03
-2.874883048396699795e-02
-1.321818822700035262e-03
1.179863660199265835e-02
-3.033159112329706156e-02
-8.757334267448988168e-05
-2.510532198435216217e-02
-8.757334267448988168e-05
7.077944774554351288e-03
6.146104771318177534e-02
6.646771568095496963e-02
2.270919855085270014e-02
-3.718610552104296280e-02
7.077944774554351288e-03
6.646771568095496963e-02
3.130787547402769100e-02
-2.877573877832342517e-02
-2.510532198435216217e-02
1.179863660199265835e-02
-8.757334267448988168e-05
-2.795004672500212353e-02
1.179863660199265835e-02
1.976805482340537531e-02
-3.728373702422145552e-02
-2.874883048396699795e-02
-3.806584362139917715e-02
-8.757334267448988168e-05
-1.890989988876529485e-02
-4.424083769633507801e-02
-3.728373702422145552e-02
2.270919855085270014e-02
3.130787547402769100e-02
7.077944774554351288e-03
1.976805482340537531e-02
-3.806584362139917715e-02
-3.991838907123214375e-03
-1.321818822700035262e-03
-2.842509603072983226e-02
2.270919855085270014e-02
-8.757334267448988168e-05
-4.424083769633507801e-02
6.541077969649398277e-03
6.541077969649398277e-03
2.216508555723025256e-02
-3.728373702422145552e-02
-4.179763826352900918e-02
2.270919855085270014e-02
2.216508555723025256e-02
3.130787547402769100e-02
-8.757334267448988168e-05
-1.321818822700035262e-03
-3.667566861224845487e-02
-1.890989988876529485e-02
-2.510532198435216217e-02
-3.806584362139917715e-02
7.077944774554351288e-03
-2.877573877832342517e-02
6.146104771318177534e-02
6.146104771318177534e-02
-2.795004672500212353e-02
-2.510532198435216217e-02
7.077944774554351288e-03
-1.261339092872570261e-02
-3.033159112329706156e-02
6.646771568095496963e-02
-2.510532198435216217e-02
-2.842509603072983226e-02
2.216508555723025256e-02
1.179863660199265835e-02
-2.795004672500212353e-02
-3.667566861224845487e-02
-2.795004672500212353e-02
-2.510532198435216217e-02
-1.890989988876529485e-02
6.541077969649398277e-03
-2.510532198435216217e-02
-1.261339092872570261e-02
-4.179763826352900918e-02
6.146104771318177534e-02
-1.261339092872570261e-02
-2.874883048396699795e-02
-4.179763826352900918e-02
-3.806584362139917715e-02
2.270919855085270014e-02
-2.877573877832342517e-02
6.146104771318177534e-02
-2.874883048396699795e-02
3.130787547402769100e-02
-3.806584362139917715e-02
-8.757334267448988168e-05
1.976805482340537531e-02
-3.991838907123214375e-03
6.541077969649398277e-03
6.541077969649398277e-03
6.646771568095496963e-02
3.130787547402769100e-02
-2.842509603072983226e-02
-2.510532198435216217e-02
3.130787547402769100e-02
-3.718610552104296280e-02
4.393939393939393784e-02
3.130787547402769100e-02
6.146104771318177534e-02
-2.877573877832342517e-02
-4.424083769633507801e-02
3.130787547402769100e-02
-1.321818822700035262e-03
-2.795004672500212353e-02
3.130787547402769100e-02
-3.728373702422145552e-02
-3.806584362139917715e-02
-1.890989988876529485e-02
-8.757334267448988168e-05
-4.424083769633507801e-02
4.393939393939393784e-02
-1.321818822700035262e-03
-3.991838907123214375e-03
2.270919855085270014e-02
-4.424083769633507801e-02
3.130787547402769100e-02
6.146104771318177534e-02
-2.874883048396699795e-02
-2.795004672500212353e-02
-2.877573877832342517e-02
-3.806584362139917715e-02
-3.991838907123214375e-03
-2.842509603072983226e-02
-3.033159112329706156e-02
6.146104771318177534e-02
-1.890989988876529485e-02
-1.715265866209262496e-02
-3.991838907123214375e-03
1.976805482340537531e-02
1.179863660199265835e-02
-4.179763826352900918e-02
-2.926456866570531848e-02
-1.890989988876529485e-02
3.130787547402769100e-02
-3.728373702422145552e-02
6.541077969649398277e-03
6.146104771318177534e-02
6.646771568095496963e-02
-2.874883048396699795e-02
-4.424083769633507801e-02
-3.806584362139917715e-02
6.146104771318177534e-02
-3.667566861224845487e-02
7.077944774554351288e-03
-1.890989988876529485e-02
2.216508555723025256e-02
-8.757334267448988168e-05
-2.874883048396699795e-02
7.077944774554351288e-03
-1.261339092872570261e-02
-2.877573877832342517e-02
-2.842509603072983226e-02
2.216508555723025256e-02
-4.179763826352900918e-02
