8.357324301439457426e-02
3.368206175044654443e-02
5.328218243819266703e-02
-9.347382732834806510e-04
1.567635903919089788e-02
1.354295837023914983e-01
3.689133665530203859e-02
8.357324301439457426e-02
1.567635903919089788e-02
4.464900206469373661e-02
5.812440357421705395e-02
8.357324301439457426e-02
1.505882352941176339e-01
6.879344145428621660e-02
1.505882352941176339e-01
2.919389978213507778e-02
3.689133665530203859e-02
8.357324301439457426e-02
4.147389292795770205e-02
8.851735551217855547e-02
-9.347382732834806510e-04
3.120111246306275093e-02
4.535601133900283438e-02
2.827763496143958707e-02
4.535601133900283438e-02
-9.347382732834806510e-04
3.689133665530203859e-02
5.328218243819266703e-02
3.689133665530203859e-02
3.689133665530203859e-02
3.689133665530203859e-02
5.328218243819266703e-02
4.535601133900283438e-02
8.357324301439457426e-02
3.684343647247281112e-02
5.812440357421705395e-02
2.919389978213507778e-02
2.115274247765843926e-02
3.368206175044654443e-02
8.851735551217855547e-02
4.535601133900283438e-02
1.038124216932163890e-02
-9.347382732834806510e-04
2.115274247765843926e-02
5.812440357421705395e-02
5.845694724831036748e-02
3.368206175044654443e-02
2.919389978213507778e-02
2.115274247765843926e-02
3.120111246306275093e-02
1.505882352941176339e-01
5.845694724831036748e-02
5.845694724831036748e-02
1.505882352941176339e-01
3.689133665530203859e-02
1.354295837023914983e-01
4.535601133900283438e-02
2.919389978213507778e-02
2.827763496143958707e-02
5.328218243819266703e-02
3.368206175044654443e-02
5.845694724831036748e-02
5.328218243819266703e-02
4.464900206469373661e-02
3.368206175044654443e-02
2.919389978213507778e-02
-9.347382732834806510e-04
2.827763496143958707e-02
4.147389292795770205e-02
5.845694724831036748e-02
-9.347382732834806510e-04
3.689133665530203859e-02
4.145306699664132871e-02
2.919389978213507778e-02
5.674002751031637093e-02
5.674002751031637093e-02
1.354295837023914983e-01
3.368206175044654443e-02
5.328218243819266703e-02
3.120111246306275093e-02
3.120111246306275093e-02
3.120111246306275093e-02
5.481481481481481621e-02
6.879344145428621660e-02
3.684343647247281112e-02
-9.347382732834806510e-04
1.038124216932163890e-02
4.535601133900283438e-02
5.481481481481481621e-02
4.535601133900283438e-02
1.354295837023914983e-01
5.674002751031637093e-02
8.851735551217855547e-02
4.145306699664132871e-02
3.120111246306275093e-02
8.357324301439457426e-02
5.674002751031637093e-02
4.145306699664132871e-02
2.827763496143958707e-02
5.674002751031637093e-02
1.354295837023914983e-01
1.505882352941176339e-01
5.845694724831036748e-02
6.879344145428621660e-02
5.481481481481481621e-02
8.851735551217855547e-02
5.812440357421705395e-02
1.038124216932163890e-02
1.567635903919089788e-02
4.535601133900283438e-02
4.147389292795770205e-02
6.879344145428621660e-02
5.812440357421705395e-02
8.851735551217855547e-02
2.115274247765843926e-02
5.674002751031637093e-02
2.919389978213507778e-02
5.481481481481481621e-02
1.505882352941176339e-01
2.919389978213507778e-02
1.505882352941176339e-01
5.481481481481481621e-02
1.354295837023914983e-01
8.357324301439457426e-02
5.812440357421705395e-02
1.505882352941176339e-01
3.684343647247281112e-02
4.145306699664132871e-02
1.038124216932163890e-02
3.368206175044654443e-02
5.674002751031637093e-02
3.368206175044654443e-02
3.684343647247281112e-02
2.919389978213507778e-02
5.481481481481481621e-02
3.120111246306275093e-02
8.851735551217855547e-02
2.115274247765843926e-02
5.845694724831036748e-02
3.368206175044654443e-02
1.505882352941176339e-01
8.264246443843267786e-02
4.535601133900283438e-02
4.464900206469373661e-02
1.354295837023914983e-01
5.328218243819266703e-02
6.879344145428621660e-02
5.812440357421705395e-02
3.684343647247281112e-02
1.505882352941176339e-01
4.147389292795770205e-02
4.147389292795770205e-02
2.827763496143958707e-02
5.845694724831036748e-02
2.115274247765843926e-02
3.368206175044654443e-02
8.264246443843267786e-02
1.354295837023914983e-01
8.851735551217855547e-02
2.827763496143958707e-02
3.120111246306275093e-02
6.879344145428621660e-02
-9.347382732834806510e-04
6.879344145428621660e-02
8.357324301439457426e-02
5.812440357421705395e-02
8.357324301439457426e-02
2.115274247765843926e-02
3.120111246306275093e-02
1.354295837023914983e-01
5.845694724831036748e-02
5.674002751031637093e-02
2.827763496143958707e-02
2.827763496143958707e-02
4.535601133900283438e-02
5.812440357421705395e-02
3.684343647247281112e-02
4.145306699664132871e-02
5.845694724831036748e-02
5.845694724831036748e-02
4.464900206469373661e-02
2.827763496143958707e-02
3.689133665530203859e-02
3.368206175044654443e-02
5.481481481481481621e-02
1.505882352941176339e-01
3.120111246306275093e-02
5.812440357421705395e-02
3.684343647247281112e-02
6.879344145428621660e-02
4.147389292795770205e-02
4.147389292795770205e-02
8.851735551217855547e-02
-9.347382732834806510e-04
2.827763496143958707e-02
1.038124216932163890e-02
6.879344145428621660e-02
4.464900206469373661e-02
3.368206175044654443e-02
5.674002751031637093e-02
