-9.010632546404757947e-05
0.000000000000000000e+00
-3.872591732016652361e-04
-1.082934753181120794e-03
-1.785714285714285713e-04
-5.871415989822879314e-04
2.839833396440742262e-04
1.485056617783553053e-03
8.877840909090909337e-05
-1.112656467315716350e-03
9.215740484747949343e-05
2.903038513644281226e-04
0.000000000000000000e+00
-8.918219923303308066e-05
-9.758953840148335565e-04
-2.685765443151298323e-04
1.048218029350104770e-04
-1.690196858222310639e-03
-1.945714563673509099e-04
-3.601440576230492165e-03
1.047818632120403820e-03
-4.514672686230248038e-04
9.716284492809949369e-05
2.914035939776590789e-04
2.928257686676427498e-04
-7.663569307404924282e-04
1.752444198487364052e-03
5.763688760806916700e-04
1.074428599335807864e-03
-9.198785760279643454e-05
-8.953353030710000239e-05
3.721968921559505009e-04
1.253374469726185924e-03
-4.059539918809201495e-03
9.041591320072332706e-05
3.801197377173809954e-04
-2.613999419111240168e-03
2.698084360104325815e-04
-5.376344086021505372e-04
-3.083881578947368250e-04
9.077705156136528660e-05
-7.178106774338268489e-04
5.560189046427578682e-04
-1.172218423366220598e-03
0.000000000000000000e+00
1.792757260666905832e-04
-3.697541135145128639e-04
-9.500285008550256988e-05
-6.462201251410401061e-03
0.000000000000000000e+00
-1.936858415649816013e-04
-2.843871457010143365e-04
1.894118761246330268e-04
7.170386304562157993e-04
0.000000000000000000e+00
-1.886258606054890170e-04
-3.611086034124763025e-04
-2.711251694532308969e-04
9.018759018759018751e-05
-5.047445992327881771e-04
9.484066767830045836e-05
-3.733432891543774640e-04
-4.620645042047870116e-04
6.387444109864038808e-04
3.894460130464414208e-04
6.273525721455457506e-04
0.000000000000000000e+00
-2.688172043010752686e-04
4.506128334534967306e-04
1.334163479498354623e-03
9.498480243161094188e-05
5.356017643352237179e-03
3.571109722346219126e-04
1.967729240456513084e-04
8.954956568460643602e-05
8.940545373267769333e-05
4.569548528605373765e-04
0.000000000000000000e+00
3.581982627384257441e-04
3.590986623574827412e-04
2.313185155385698386e-03
1.777461784571631657e-04
-8.943743851176101916e-05
1.496845931786592448e-03
1.905453225660103545e-03
-1.777303830089753867e-04
-1.815541031227305732e-04
2.915168593917014843e-04
-1.833180568285976229e-04
7.027406886858749129e-04
2.846569883290634936e-04
1.946850968558356859e-04
3.585835948005378624e-04
5.549902876699657536e-04
-3.790032215273829615e-04
1.531945570875011160e-03
1.508722300801508803e-03
8.919015340706385820e-05
2.596883739512584766e-03
-1.202766362634058277e-03
8.068130883012101769e-04
-2.844680447563057183e-04
0.000000000000000000e+00
-4.768262445164982133e-04
-2.771362586605080895e-04
-3.853564547206165657e-03
-3.748643582914077104e-03
-3.339246582489825612e-03
-8.514664143803216644e-04
6.703696609844857646e-04
4.727238347357473548e-04
-1.915708812260536462e-04
2.849814762040467505e-04
8.930963650977940811e-05
1.857527630723506881e-04
4.489942528735632122e-04
-5.086469989827059873e-04
1.789709172259507932e-04
9.704027171276079038e-05
2.062919030428055664e-04
1.868984207083450181e-04
5.073566717402333559e-04
-1.619818961410195244e-03
-5.627462014631401518e-04
1.919938561966017118e-04
6.681939671630393032e-04
-2.659574468085106318e-03
-8.368978984563883554e-04
-4.739336492890995406e-04
1.901682989445659328e-04
2.821405059719740683e-04
-1.117427955302881769e-02
1.886436521411054431e-04
3.557136505113383867e-04
1.141987057480015229e-03
4.607870242373974536e-04
4.492362982929020906e-04
5.352363960749330742e-04
3.587122231190027831e-04
-5.561735261401557244e-04
9.467007478935908613e-05
-6.628160212101126504e-04
-8.923790826343029939e-05
-2.626203676685147283e-03
0.000000000000000000e+00
-7.670917633521910466e-04
-9.831874938550780926e-04
1.166747690811862021e-03
1.784758165268605988e-04
-9.409108016560030431e-05
