9.034239768723462388e-04
-1.118445177851118411e-02
-2.001273537705812629e-03
6.250000000000000347e-03
-3.651967497489272537e-04
-2.489167511754402339e-03
-9.260924294191692080e-03
2.218524681087077292e-03
1.557424039747754702e-02
7.030527289546716421e-03
1.513861292459078465e-03
-5.231689088191330411e-03
-3.537735849056603855e-03
-1.889287738522576988e-03
2.847171197648787865e-03
-4.262574595055413675e-03
-4.824063564131668425e-03
-1.879194630872483207e-03
4.706768332862656772e-03
1.293142701029050164e-02
6.557377049180327863e-04
-3.388899065762960086e-03
8.070301291248206752e-04
7.412334885488929166e-03
-6.989148427441603528e-03
4.531858968548898789e-04
-6.531137889798546703e-03
6.345994665685643528e-03
-2.489167511754402339e-03
1.464664957890882352e-03
1.266280752532561492e-03
8.270538503951479744e-04
2.095481049562682250e-03
-3.245823389021479637e-03
-1.029287919902685533e-03
-2.715864394081288560e-03
-5.012082699364539540e-03
-1.855459690138231614e-04
-9.870782483847810162e-04
2.677005446321425227e-03
-2.510310202617895090e-03
1.064653503677893921e-03
6.328524895300139883e-03
9.230201218386560895e-05
2.206896551724138022e-03
2.623934026801611787e-03
1.385681293302540393e-03
-4.126547455295735516e-03
-1.522070015220700068e-03
-3.153153153153153039e-03
2.548371873525247591e-03
-9.102494083378845748e-04
3.661997619701547191e-04
2.708508452414308369e-03
-3.707224334600760576e-03
-7.354293068578782872e-03
-1.103042559058737063e-03
-3.146400148065889128e-03
1.822489520685256032e-03
-5.530973451327433552e-04
5.576923076923076539e-03
-5.515212795293685313e-04
7.485029940119760933e-04
2.808725774740192770e-04
4.076338706688901505e-03
-1.460920379839298787e-03
-1.171171171171171135e-03
1.179031380373662345e-03
-6.654343807763401369e-03
-1.506024096385542247e-03
2.107385010078797853e-03
5.105417415146071280e-03
5.340208083970168426e-03
-3.994797473058342950e-03
-5.954631379962192946e-03
6.292700467457749188e-04
4.490749056942697887e-04
4.012994458245748401e-03
-6.400877834674469644e-04
7.352248091243284225e-03
-5.506102597045058273e-04
-4.118307749906402471e-03
5.382614156275231229e-04
-3.462798315395414217e-03
-5.141860251583876829e-03
4.378610024222098079e-03
8.612706056677162450e-03
-8.526764566556134083e-04
5.055976886962802036e-03
-1.087744742567077570e-03
5.359364532491147672e-03
-3.944065973467192343e-03
1.128031584884376867e-03
-7.169117647058823213e-03
-1.467889908256880729e-03
-3.294289897510981058e-03
-1.325532498400219458e-02
1.372872048325096120e-03
1.140250855188141427e-03
-2.278553118769581411e-03
9.296020141376972953e-03
-3.060940543548835990e-03
-1.188191207385065401e-03
1.872834535068826573e-04
9.288500835965075636e-05
-7.303934994978545075e-04
-7.879248148851337660e-03
-3.613369467028003466e-03
4.221345324401211234e-03
1.706024961838915367e-03
-1.919210382014257003e-03
-3.843629886566044852e-03
-4.685346807533302335e-03
4.323714634834101289e-03
-3.283918183524113261e-03
3.853046594982078958e-03
4.418793398863738765e-03
-3.677484600533235514e-04
4.745824587021995299e-03
8.990380293086397238e-04
-7.465472191116088140e-04
3.388873199661112876e-03
1.872659176029962567e-03
-1.556919131788625293e-03
1.166489925768822954e-02
-5.376344086021505372e-04
1.111311890133718887e-02
1.107828655834564328e-03
-9.219988936013276903e-05
7.834893942289318514e-03
-1.510716646209045314e-03
1.737540009144947478e-03
-1.980019800198002007e-03
8.990380293086397238e-04
3.586597451628126352e-03
-8.551068883610451078e-04
4.789012379145206159e-03
3.306088713380475781e-03
2.830188679245282824e-03
-2.356711915535444814e-03
2.282062984938384390e-03
3.595420569590311328e-03
1.102333272092595896e-03
6.430277420540143809e-04
2.437880918893577022e-03
2.382479611472555596e-03
6.176823084723886449e-03
5.540166204986150030e-04
-2.089467185867603660e-03
-5.546155292348186119e-03
-8.977466558937067988e-04
1.179031380373662345e-03
1.923957856161246077e-03
-1.278538812785388109e-03
1.949860724233983206e-03
4.195804195804195801e-03
0.000000000000000000e+00
1.358326541700624873e-03
-5.667863215567730747e-04
1.252150640412923004e-02
-2.801643630930145731e-03
-5.736856954763472523e-03
-4.347432297799112659e-03
-1.139391711844160542e-02
3.493862134088763019e-03
-2.202441038818023309e-03
-6.458756228086362256e-04
-1.105481345002303157e-03
2.890982001305604770e-03
-1.100412654745529543e-03
-2.200825309491059086e-03
6.292134831460674191e-04
-1.042357623424618619e-03
-1.200513196480938391e-02
-1.635025887909891899e-03
4.255319148936170283e-03
-5.223171889838556549e-03
1.005300676293182250e-03
7.613247049866767903e-03
4.590525156077855207e-04
3.954802259887005463e-03
-5.419075144508669981e-04
-5.542213190467393420e-03
5.836942195443419606e-03
-2.439253213247021337e-03
2.583484833987178403e-03
3.400717929340638448e-03
-5.211294296001515829e-03
-2.547169811320754672e-03
1.782698442484518739e-03
-1.436910642119443131e-03
3.637024913620658280e-03
4.224058769513315201e-03
-2.289167658639318804e-03
-6.607929515418502382e-03
9.718913768461172331e-03
5.198180636777127717e-03
-2.857406212554152499e-03
8.118347465271513958e-04
2.059539412095113230e-03
