5.322245322245322194e-03
2.339572192513368794e-03
-3.806170355466129834e-02
-2.429938193209719641e-02
1.583829191459572988e-02
-2.097308312813110295e-02
-5.745212323064113197e-03
5.367500649294433199e-03
2.093875414412842487e-02
2.711239799947354548e-02
-5.141388174807197571e-03
-3.927644250900259870e-02
2.568373071528751855e-02
-2.744935923935510474e-02
-2.819067145053818536e-03
-3.274087932647334193e-02
-1.112310118701751414e-02
6.454857909296672289e-03
3.774217898179988134e-03
-2.591121091725686557e-03
8.813160987074030589e-03
-4.280637963804644064e-02
2.602869169315350992e-02
1.243694555574882503e-02
1.303441084462982243e-02
8.079071766222604631e-03
9.413346780971592470e-03
1.700418696060839244e-02
2.123667377398720524e-02
1.233842538190364248e-02
1.941068462009268303e-02
2.381366243698939539e-02
-3.798520488737427980e-02
8.509914049868096131e-03
-1.023017902813299143e-03
-1.246668386209268294e-02
2.083506958913242807e-03
1.207445916484990722e-02
2.614603939107250363e-02
9.156085341625637072e-03
-5.884303000165755360e-02
1.771294607970825760e-02
-9.544725061238280503e-03
2.480965009838309327e-03
2.093875414412842487e-02
4.507136299140305537e-03
-3.229675319112481485e-02
2.082292187239713661e-03
-5.141388174807197571e-03
7.339294752826050310e-03
1.077230475197636997e-02
7.339294752826050310e-03
7.339294752826050310e-03
-2.654720424755268020e-03
-3.915157612340711135e-02
8.079071766222604631e-03
1.700418696060839244e-02
1.014079785450888380e-02
8.876978477514445298e-03
-7.587759526390394291e-03
-1.743291745000854695e-02
-2.678272514228322888e-03
1.420260095824777552e-02
2.861952861952862023e-03
-7.284165218111083445e-03
2.750229185765480557e-03
-3.108721223323811320e-03
5.918682449819866014e-03
-2.378914940954988955e-02
-1.295136804185607719e-02
5.322245322245322194e-03
-5.303281405369572599e-02
-1.023017902813299143e-03
-1.415680105969037254e-02
-1.020662185710729392e-02
1.077230475197636997e-02
-4.145936981757877382e-04
-1.023017902813299143e-03
-1.246668386209268294e-02
2.949982388164846744e-02
-4.280637963804644064e-02
1.752907466711613182e-02
-7.450331125827815105e-04
6.515746387102163903e-03
9.239888423988842220e-03
6.135484955454698075e-03
9.795713328868050143e-03
-5.918639546515505438e-03
-5.474906677727084392e-02
-1.743291745000854695e-02
-3.572912339011217239e-03
2.641769210911281210e-02
1.021821960512642874e-02
1.377919677365148712e-02
-2.247378058931246998e-03
1.002925198495612132e-02
6.822530992595057624e-03
3.549355465301077400e-02
9.901820928085927967e-03
-4.826009652019304028e-03
-1.112310118701751414e-02
1.526452732003469141e-02
-7.450331125827815105e-04
1.072244682721040614e-02
1.787573759111419497e-02
1.052986269059051454e-02
1.583829191459572988e-02
1.291404612159329120e-02
2.083506958913242807e-03
3.774217898179988134e-03
-2.247378058931246998e-03
4.885856288433998960e-03
1.291404612159329120e-02
7.247612551159617576e-03
-4.280637963804644064e-02
1.182092555331991889e-02
6.515746387102163903e-03
2.774427020506634381e-02
1.377919677365148712e-02
-3.108721223323811320e-03
-1.246668386209268294e-02
-5.884303000165755360e-02
-7.450331125827815105e-04
2.568373071528751855e-02
-2.678272514228322888e-03
9.795713328868050143e-03
1.377919677365148712e-02
-7.646425316875155032e-02
2.259539300158255534e-02
2.221465656651629844e-02
1.182092555331991889e-02
1.526452732003469141e-02
6.594521474467365460e-03
1.019526524969759790e-02
-9.531169500257600027e-03
-4.008685485217972251e-03
-3.806170355466129834e-02
1.420260095824777552e-02
3.774217898179988134e-03
2.143950995405819251e-02
-2.819067145053818536e-03
-1.023017902813299143e-03
2.750229185765480557e-03
5.322245322245322194e-03
1.257229067136032136e-02
4.613706903783239624e-03
-3.401191658391260891e-02
1.941068462009268303e-02
-5.981556866328819298e-03
-1.853268723964975051e-02
2.259539300158255534e-02
5.918682449819866014e-03
-5.474906677727084392e-02
2.926745287079280528e-02
8.876978477514445298e-03
-7.047036848361352100e-03
1.154536902420251476e-02
2.159938287477500621e-02
2.602869169315350992e-02
1.700418696060839244e-02
-7.272727272727272721e-03
-7.450331125827815105e-04
5.557426743011115167e-03
5.367500649294433199e-03
3.774217898179988134e-03
1.956998683633172365e-02
-5.883857764134049588e-03
2.926745287079280528e-02
-3.108721223323811320e-03
9.901820928085927967e-03
2.614603939107250363e-02
-9.043272481406355520e-03
1.458173445894090509e-02
8.373806732540612502e-03
2.083506958913242807e-03
8.251936679016504128e-03
1.069193324061196160e-02
-1.958771704730134441e-02
5.281247380333640648e-03
1.072244682721040614e-02
-5.303281405369572599e-02
-9.531169500257600027e-03
2.861952861952862023e-03
2.082292187239713661e-03
6.906881917283847969e-03
-9.172017009922454542e-04
2.143950995405819251e-02
-1.246668386209268294e-02
1.200873362445414871e-02
8.373806732540612502e-03
2.614603939107250363e-02
1.583829191459572988e-02
-2.591121091725686557e-03
-2.180978446801231513e-02
2.711239799947354548e-02
8.285690612312536572e-05
1.932787741598467751e-02
2.143950995405819251e-02
1.752907466711613182e-02
1.752907466711613182e-02
