-1.740341106856944096e-04
2.574223442594816965e-04
-1.830998809850773595e-04
-3.549875754348597772e-04
0.000000000000000000e+00
5.455537370430986986e-04
-8.676789587852494728e-05
8.793527963418924049e-04
0.000000000000000000e+00
-1.799532121648371344e-04
2.649240551042034673e-04
-3.604902667627973845e-04
8.998470260055790437e-05
8.857395925597874771e-05
2.477064220183486203e-03
-4.520386945122502657e-04
0.000000000000000000e+00
-8.605111436193099142e-04
6.240527770348578383e-04
-2.748007694421544258e-04
-8.903926631644555286e-05
-5.192557334487234557e-04
4.460303300624442646e-04
-3.578457684737877784e-04
8.646779074794639448e-05
-6.169575180680416000e-04
1.571600258851807430e-03
4.487927475092002585e-04
2.671415850400712206e-04
2.701972439881113056e-04
-2.681204754669765013e-04
0.000000000000000000e+00
7.966716827476320742e-04
-1.829826166514181241e-04
4.365668383829564227e-04
1.791793585378964344e-04
-8.813678829543451429e-05
-8.989572096368212545e-05
-6.025652061633812902e-04
0.000000000000000000e+00
8.935751943526047518e-05
1.734906315058986747e-04
-5.241090146750524391e-04
2.743233357717629693e-04
6.318259770737431240e-04
3.435540668212660066e-04
2.730748225013653508e-04
-2.622606871230002620e-04
7.043493572812115078e-04
1.774465442285511356e-04
-8.754267705506433965e-05
-3.451251078515961976e-04
-5.320092214931724985e-04
-8.904719501335708258e-05
5.290538753196366833e-04
-3.434655675768504197e-04
3.535442814212480284e-04
-6.971677559912853621e-04
-9.063717937097797036e-05
-3.548301250776190953e-04
1.309814879497031050e-03
2.724548179093633834e-04
-8.915039671926540160e-05
1.762425096933380295e-04
1.687538857802646768e-03
-2.655572275825440428e-04
5.451571869889151271e-04
0.000000000000000000e+00
8.614006374364717293e-05
-8.911067545891997621e-05
-2.645269376598183416e-04
-8.969414297246390414e-05
2.589108483645464727e-04
4.294794708812918840e-04
5.284481240091597589e-04
-1.073345259391770938e-03
-2.601908065915004464e-04
8.945343948474819378e-05
-8.798944126704795368e-05
-4.406839414771725714e-04
-1.784439685938615284e-04
6.157635467980295636e-04
-8.945343948474819378e-05
-5.308325223392020183e-04
-5.307386112339673029e-04
5.246589716684155452e-04
-8.662508662508662538e-05
0.000000000000000000e+00
-3.468609087755809882e-04
-1.801477211313276885e-04
0.000000000000000000e+00
9.002520705797623980e-05
0.000000000000000000e+00
0.000000000000000000e+00
-2.081824764663287464e-03
1.794848783989948845e-03
-4.335009537020981631e-04
-9.013068949977467786e-05
8.293402137854773018e-04
8.669267446900736718e-05
-7.727975270479134308e-04
0.000000000000000000e+00
1.722504521574369117e-04
-8.645283997579320391e-05
-6.951685783802572308e-04
-4.444049417829526449e-04
8.807468733485996433e-05
-2.186788154897494410e-03
8.837044892188052720e-05
0.000000000000000000e+00
-1.823154056517775818e-04
2.637362637362637144e-04
8.758101243650377233e-05
-1.737468508383285435e-04
1.234676779257430157e-03
-1.731601731601731600e-04
1.188191207385065401e-03
3.549560741858195098e-04
-1.170854723948482360e-03
1.801964140913595708e-04
1.841959845275373026e-04
1.059415555751743636e-03
-1.584228128850554383e-03
-1.780943900267141652e-04
-3.553976010661928295e-04
8.755800717975659013e-05
0.000000000000000000e+00
-1.689940407364582406e-03
-6.265103374205674425e-04
1.834525775087139914e-04
8.869179600886917952e-05
-1.787629603146228055e-04
3.585835948005378624e-04
5.536587616499031445e-04
-8.731336767659128996e-05
-3.603603603603603659e-04
-1.014479387623351374e-03
0.000000000000000000e+00
-5.254860746190225798e-04
8.619946556331350637e-05
2.576212966938600511e-04
1.656695812241141229e-03
4.377517072316582233e-04
-6.248884127834315521e-04
-3.598740440845704029e-04
-1.775252973548730568e-04
3.664681630783325783e-04
8.893632159373887950e-05
0.000000000000000000e+00
0.000000000000000000e+00
