-5.290437890974084012e-02
1.219512195121951262e-02
1.121809853229877463e-03
1.717020078814036552e-02
-5.886493620765508028e-02
2.140759685516718802e-02
2.140759685516718802e-02
1.675566194071073309e-02
1.219512195121951262e-02
2.140759685516718802e-02
-6.243339253996447319e-02
2.031728360701363922e-02
-3.875900861311302320e-02
1.219512195121951262e-02
-6.243339253996447319e-02
2.075523452500685831e-02
1.717020078814036552e-02
-6.243339253996447319e-02
2.840158520475561527e-02
-4.184691445219387157e-02
-4.184691445219387157e-02
-4.811147138725790917e-02
1.121809853229877463e-03
2.075523452500685831e-02
1.675566194071073309e-02
-4.197901049475262492e-02
2.075523452500685831e-02
-3.875900861311302320e-02
2.031728360701363922e-02
1.603243342854510436e-02
-3.875900861311302320e-02
1.777859237536657047e-02
2.206432311144353176e-02
1.219512195121951262e-02
2.140759685516718802e-02
2.206432311144353176e-02
2.031728360701363922e-02
-5.886493620765508028e-02
2.140759685516718802e-02
-4.669673653488989190e-02
1.603243342854510436e-02
-6.243339253996447319e-02
-4.811147138725790917e-02
-4.197901049475262492e-02
2.075523452500685831e-02
1.603243342854510436e-02
-4.184691445219387157e-02
-3.875900861311302320e-02
2.031728360701363922e-02
2.031728360701363922e-02
1.717020078814036552e-02
1.344011783117002659e-02
-4.197901049475262492e-02
2.140759685516718802e-02
2.688737919816285363e-02
1.603243342854510436e-02
1.603243342854510436e-02
-3.875900861311302320e-02
1.603243342854510436e-02
-4.873158399442071437e-02
1.344011783117002659e-02
-4.197901049475262492e-02
1.603243342854510436e-02
2.075523452500685831e-02
-5.886493620765508028e-02
6.869709059063928980e-02
-2.362344582593250281e-02
1.219512195121951262e-02
-5.290437890974084012e-02
-4.197901049475262492e-02
1.121809853229877463e-03
1.777859237536657047e-02
1.675566194071073309e-02
1.344011783117002659e-02
-3.875900861311302320e-02
2.140759685516718802e-02
-4.811147138725790917e-02
-5.290437890974084012e-02
1.717020078814036552e-02
-4.197901049475262492e-02
1.344011783117002659e-02
-6.243339253996447319e-02
1.603243342854510436e-02
-2.362344582593250281e-02
1.777859237536657047e-02
1.121809853229877463e-03
2.840158520475561527e-02
1.219512195121951262e-02
-4.184691445219387157e-02
2.688737919816285363e-02
-4.873158399442071437e-02
2.031728360701363922e-02
-6.243339253996447319e-02
2.075523452500685831e-02
-3.875900861311302320e-02
-4.184691445219387157e-02
-3.875900861311302320e-02
-4.669673653488989190e-02
1.219512195121951262e-02
1.777859237536657047e-02
-3.875900861311302320e-02
1.121809853229877463e-03
1.675566194071073309e-02
-6.243339253996447319e-02
-4.669673653488989190e-02
6.869709059063928980e-02
1.777859237536657047e-02
1.344011783117002659e-02
-5.886493620765508028e-02
1.344011783117002659e-02
1.603243342854510436e-02
2.075523452500685831e-02
1.603243342854510436e-02
-3.875900861311302320e-02
2.840158520475561527e-02
2.840158520475561527e-02
2.031728360701363922e-02
1.344011783117002659e-02
1.675566194071073309e-02
1.219512195121951262e-02
1.777859237536657047e-02
-2.362344582593250281e-02
2.140759685516718802e-02
2.140759685516718802e-02
1.603243342854510436e-02
1.603243342854510436e-02
-4.184691445219387157e-02
1.777859237536657047e-02
-4.669673653488989190e-02
2.840158520475561527e-02
2.140759685516718802e-02
6.869709059063928980e-02
2.840158520475561527e-02
-3.875900861311302320e-02
6.869709059063928980e-02
-3.875900861311302320e-02
1.717020078814036552e-02
1.603243342854510436e-02
2.140759685516718802e-02
2.688737919816285363e-02
-4.669673653488989190e-02
-4.669673653488989190e-02
1.121809853229877463e-03
-4.873158399442071437e-02
2.031728360701363922e-02
1.219512195121951262e-02
-6.243339253996447319e-02
-4.873158399442071437e-02
2.206432311144353176e-02
1.675566194071073309e-02
2.688737919816285363e-02
-4.811147138725790917e-02
-4.669673653488989190e-02
1.219512195121951262e-02
1.717020078814036552e-02
-6.243339253996447319e-02
-4.811147138725790917e-02
1.121809853229877463e-03
-3.875900861311302320e-02
2.075523452500685831e-02
2.206432311144353176e-02
1.219512195121951262e-02
-3.875900861311302320e-02
-4.184691445219387157e-02
-3.875900861311302320e-02
-5.290437890974084012e-02
1.777859237536657047e-02
2.075523452500685831e-02
-2.362344582593250281e-02
2.688737919816285363e-02
1.603243342854510436e-02
2.688737919816285363e-02
2.031728360701363922e-02
-2.362344582593250281e-02
2.688737919816285363e-02
1.121809853229877463e-03
2.206432311144353176e-02
2.206432311144353176e-02
-4.811147138725790917e-02
2.031728360701363922e-02
2.140759685516718802e-02
2.075523452500685831e-02
-2.362344582593250281e-02
1.717020078814036552e-02
-4.873158399442071437e-02
1.121809853229877463e-03
-4.197901049475262492e-02
-4.873158399442071437e-02
-4.197901049475262492e-02
2.688737919816285363e-02
1.675566194071073309e-02
-4.197901049475262492e-02
2.206432311144353176e-02
-4.873158399442071437e-02
2.688737919816285363e-02
-2.362344582593250281e-02
-4.184691445219387157e-02
1.675566194071073309e-02
2.075523452500685831e-02
-4.669673653488989190e-02
