-1.177559088232820253e-03
-2.716522850751038488e-03
-3.928964325003929219e-04
-8.227067050596461716e-05
-8.781032968787419457e-04
5.053966078464964574e-03
0.000000000000000000e+00
1.442885771543086235e-03
1.283285210137953157e-03
-1.912350597609561824e-03
-3.333333333333333222e-04
9.580838323353293301e-04
2.272015042306486932e-03
1.602820964898220811e-04
1.932610704982774602e-03
-4.761526862947385182e-04
9.523809523809523801e-04
-1.369394043135912283e-03
-3.204357926780421195e-04
-9.143807148794680243e-04
2.024803847127309639e-03
1.304312382815684280e-03
-1.609398889514766263e-03
3.423227853385656019e-03
2.734437831751648611e-03
-1.503759398496240692e-03
4.043998705920413849e-04
-3.652664784990868226e-03
1.263370672955445046e-03
8.394895903290799022e-04
-1.000250062515629012e-03
8.359806052499581730e-04
9.665726943213853945e-04
1.789781972014318264e-03
2.205341827983337260e-03
-7.235308304526087047e-04
-2.640633752100504140e-03
-1.257545271629778669e-03
-4.998750312421894933e-04
2.090825457890775358e-03
-4.119973632168754058e-04
4.765089449924761640e-03
3.337783711615487222e-04
-5.806719203649937959e-04
-7.071580105287970670e-04
-2.408864621808254336e-03
1.741437930176631659e-03
-2.647691543935131505e-03
-8.012820512820512814e-05
8.138020833333333695e-04
5.841608946006843477e-04
-4.967709885742672624e-04
1.305589555283557645e-03
-1.664170411050091560e-04
2.346434257940165861e-03
1.661267547138466766e-04
0.000000000000000000e+00
8.622041072268380726e-04
8.303578842481109496e-05
-1.504010695187165715e-03
-6.847556278353162870e-03
-6.258311820386450956e-04
9.209645010046885009e-04
7.489390030789714377e-04
-5.682740704659847326e-04
-4.042037186742117815e-04
3.201024327784891040e-04
-1.335670757158360488e-03
-8.351428094204108856e-04
3.000567674965533976e-03
1.174792313501720267e-03
-7.377114906583273450e-03
-5.322802197802197974e-03
2.466293982242683393e-04
3.428380299356133601e-03
-4.800768122899663716e-04
0.000000000000000000e+00
8.142659392557609474e-05
-1.085323092335949233e-03
-6.468305304010349812e-04
3.992015968063872028e-04
-2.413169008015168555e-03
8.188949228514782672e-03
-1.341156747694886939e-03
-2.512127512127512122e-03
-4.126547455295735516e-03
1.509493922300786514e-03
-1.462938881664499436e-03
4.985459077690070767e-04
1.121463077984817015e-03
1.977587343441002034e-03
1.870907390084190856e-03
-2.181994504606432628e-03
-1.004352192835620975e-03
9.678980480722697115e-04
3.914507163548109204e-04
-2.248454187745924700e-03
4.591527332582517711e-03
2.193497845671758730e-03
-2.497502497502497500e-04
1.156929179406660652e-03
1.263370672955445046e-03
1.039999999999999909e-03
-4.282655246252676465e-04
7.796055196070788543e-05
8.235197232973729374e-04
5.808164619980085925e-04
1.197031362221690235e-03
6.062180652983458883e-04
1.656177542232527375e-04
8.138683161064539815e-04
7.162183670221232163e-04
1.807540024100533693e-03
-1.311582916632510936e-03
7.828401440425865397e-05
-5.659767141009055137e-04
-1.535725832525056643e-03
-8.609219691633403530e-04
3.972983710766785840e-04
8.324315325064514089e-05
-1.030839274976376495e-03
-1.614685136398402374e-03
7.151370679380214404e-04
-1.375404530744336494e-03
1.471309465424227659e-03
-1.617207083367025152e-04
7.307853842923141448e-03
7.277431875151612641e-04
-2.915209062135598952e-03
-1.702272533832666611e-04
1.658649859014762042e-04
8.342370901810294078e-05
7.474462253965617926e-04
-7.824113919098661597e-05
1.222693185523312598e-03
7.800920508620017013e-04
-9.213501968339056535e-04
5.763688760806916049e-03
0.000000000000000000e+00
-3.613749054542398677e-03
-4.161118508655126374e-04
3.285207919080141911e-03
8.919883230619526492e-04
-1.000170969396478073e-02
1.214181641573579360e-03
-2.892960462873674261e-03
1.679402132840708735e-04
-2.569628647214854209e-03
1.701837985023825625e-04
2.278865631330182287e-03
5.828961612124240093e-04
0.000000000000000000e+00
-2.257336343115123965e-03
1.172431119671719186e-03
2.011586739620212401e-03
8.017317405596087248e-04
3.214400514304082031e-04
-1.665833749791770907e-04
-9.237487403426267825e-04
-1.662786830728300521e-04
2.092050209205020741e-03
-2.382465057179161477e-04
-4.044325810887325042e-04
1.100888574349296158e-03
-1.595277977187524834e-04
2.543922410366483960e-03
1.720134170465296292e-03
1.626851614008048737e-03
-3.215434083601286246e-04
-1.586923748313893610e-04
3.145148608271740873e-04
1.652892561983471196e-04
-4.402515723270440141e-03
-5.822658459490933237e-04
-1.241824654358804434e-03
1.602692523439378121e-04
-1.675462846611376502e-04
-4.058441558441558709e-04
8.053475074494644600e-05
8.412551526878102391e-05
-8.031483414986748267e-05
-4.987116615410190027e-04
1.801237371759730659e-03
3.356282271944922672e-03
8.656917128929231958e-03
1.212436130596691777e-03
8.810572687224669988e-04
-2.952271608988026909e-03
-5.779378507412681262e-03
-1.615769914364194521e-04
1.482521847690386951e-03
-7.210382951450088193e-04
2.368700481908029166e-03
0.000000000000000000e+00
2.008838891120932023e-03
3.824701195219123648e-03
4.048255202007934421e-03
-7.942180922881423698e-04
-1.083513918986497718e-03
1.486988847583643096e-03
