6.175524049752109494e-03
4.898169631348285244e-03
-1.549968459944128969e-02
-1.215672555536120338e-02
3.967155641664360521e-03
-1.746002573056423465e-03
2.944325481798715314e-03
3.018021902216090537e-03
1.177625122669283611e-02
-6.701349087382064799e-03
1.652671073789530043e-02
-4.474657946820411077e-03
-4.753363228699551517e-03
6.611274903957830781e-03
1.103067907618062761e-02
5.212474600229702673e-03
7.886718049829719371e-03
-1.312930097790655608e-02
7.306338028169013891e-03
1.652671073789530043e-02
-7.751255174843653742e-03
3.417382469751547181e-03
1.465896352504958118e-03
6.762614877752730867e-03
-7.962201417446846535e-03
6.762614877752730867e-03
5.799138915736754343e-03
-1.603277812416496013e-03
1.788588803434090551e-03
5.799138915736754343e-03
1.379792157890140543e-02
1.177625122669283611e-02
-3.086699954607353708e-03
2.949340735600277687e-03
8.481245081752207537e-03
-5.231352033913592298e-03
1.571229050279329686e-02
1.220598717034925181e-02
1.586042823156225221e-03
1.017159030603219556e-02
4.841123140568611566e-03
1.203220383968857908e-02
1.385041551246537399e-03
-7.962201417446846535e-03
2.949340735600277687e-03
-2.930467986857295069e-03
2.554677448998345785e-02
1.209277141052251571e-02
3.682595352915388198e-03
1.026801253045596905e-02
-1.092473118279569874e-02
3.225806451612903223e-03
-1.078190743338008385e-02
3.417382469751547181e-03
-2.003413889138442108e-02
-6.417308397506417145e-04
2.581358901078639398e-03
2.944325481798715314e-03
1.177625122669283611e-02
1.979175630324412575e-03
1.257312494542914445e-02
1.274763135228251451e-02
1.401541695865451921e-03
-3.725716313315000257e-03
-9.098862642169728079e-03
-9.100009100009099684e-05
1.198172571330057695e-02
1.269418553040390675e-02
8.079228563982278344e-03
-6.701349087382064799e-03
-5.717397222978491504e-03
-7.227216640225630172e-03
2.940128296507484116e-03
5.799138915736754343e-03
9.466041724106239938e-03
-2.134780642243328669e-02
1.755918581287673613e-02
7.839956745066234758e-03
1.023523074160531503e-02
1.157716626591860469e-03
1.748863238894718484e-03
-2.370748609464757954e-03
1.359747861323728005e-02
6.915629322268326785e-04
-6.088671640511105453e-03
-2.385580491252871707e-03
6.581796137524898588e-03
4.864489228630993964e-03
-1.603277812416496013e-03
-5.782999816412704407e-03
-1.162282618194529493e-02
-4.753363228699551517e-03
-5.782999816412704407e-03
5.895101863892500751e-03
4.841123140568611566e-03
1.209277141052251571e-02
-2.681684097613301165e-04
6.049283871541678154e-03
-3.086699954607353708e-03
-3.725716313315000257e-03
1.282508015675097937e-02
-6.552602839461230816e-03
-2.385580491252871707e-03
4.898169631348285244e-03
8.481245081752207537e-03
8.329641116526361952e-03
1.429205503772747361e-02
-6.142844045108645720e-03
-7.962201417446846535e-03
1.269418553040390675e-02
-1.091815680880330042e-02
-5.191209551825574833e-04
-1.785070320952037576e-02
-1.215672555536120338e-02
1.528324334217992173e-02
1.292911279536335285e-02
-1.650194940611116046e-02
-6.756756756756757132e-03
1.381142098273572399e-02
-1.817237798546209818e-03
3.036798856734548163e-03
-5.013397873627798741e-03
-6.756756756756757132e-03
-2.134780642243328669e-02
1.282508015675097937e-02
1.520580267412391905e-02
4.921346339748659815e-03
1.257312494542914445e-02
1.586042823156225221e-03
2.554677448998345785e-02
2.151462994836488615e-03
1.198172571330057695e-02
6.845052893590541747e-03
2.310595599742244419e-02
1.755918581287673613e-02
3.829029385574354415e-03
2.940128296507484116e-03
-7.962201417446846535e-03
1.220598717034925181e-02
-6.701349087382064799e-03
8.941344778254649468e-04
1.465725265886138121e-02
2.756846167983826451e-02
1.282508015675097937e-02
8.211847204281232104e-03
1.672031473533619472e-02
-2.411921784822120950e-03
1.402039329934450136e-02
6.581796137524898588e-03
1.180920749146600196e-02
2.044081052257376487e-03
-9.947183098591549921e-03
-2.681684097613301165e-04
1.284951588091575413e-02
3.967155641664360521e-03
5.282005371530886124e-03
2.270419935394554778e-02
-1.048650507134261597e-02
-7.898351648351648047e-03
5.799138915736754343e-03
6.591668131481807393e-03
1.402039329934450136e-02
5.982755586837937810e-03
1.177625122669283611e-02
-6.387018815812187285e-03
2.044081052257376487e-03
2.757669769045156902e-03
-1.980466630493760150e-02
2.045353490440195588e-03
-1.007404856208024731e-02
1.465725265886138121e-02
1.359747861323728005e-02
8.079228563982278344e-03
7.990766225694752659e-04
1.571229050279329686e-02
8.148082543618810625e-03
-7.962201417446846535e-03
1.284951588091575413e-02
-6.129060502582960902e-03
2.151462994836488615e-03
1.292911279536335285e-02
-1.256168685509196931e-03
1.729818780889621002e-02
1.437756742275406348e-02
5.799138915736754343e-03
-8.656509695290858473e-04
-1.007404856208024731e-02
1.023523074160531503e-02
7.576424984582856223e-03
4.151530877010897562e-03
-5.231352033913592298e-03
2.045353490440195588e-03
6.175524049752109494e-03
4.921346339748659815e-03
-5.717397222978491504e-03
1.008257279443720150e-02
1.203220383968857908e-02
-9.947183098591549921e-03
1.571229050279329686e-02
1.033324722293980881e-03
