-2.607939727615183906e-03
6.001050183782162409e-04
-3.461249059443190397e-03
1.280500818097744884e-03
1.372138369321874692e-03
-2.683563175549757811e-03
-3.710299792223211639e-04
6.651393097332052593e-04
3.980174226494442510e-03
-2.002927355365534141e-03
1.197784099416080317e-03
1.034508239119190116e-03
-1.316095068514360833e-03
2.181183655663806889e-04
-2.226675573368960229e-04
3.835532371893218590e-04
2.876869965477560419e-04
9.055920307901290040e-04
7.535227187099691290e-05
-1.426330052774212043e-03
5.948839976204640381e-04
8.386703263189997266e-04
2.479152580572458690e-03
-1.304915180513266685e-03
2.599524658348187790e-03
6.120887528691659881e-04
6.162853401124720933e-04
4.485310607759587613e-04
-6.558332726080303137e-04
1.372474266107510422e-03
-2.476919612699842420e-03
-1.180289170846857442e-03
-7.322252324815113134e-05
-2.773497688751925920e-03
-1.135933358576296905e-03
2.896871378910776318e-04
6.148170919151552073e-04
9.494595384165935813e-04
2.494708194738433707e-03
-2.943990579230146222e-04
-2.268088001814470367e-04
-5.947955390334572602e-04
2.621919244887257507e-03
-3.693034936110495747e-04
2.998154981549815655e-03
-9.684147794994040588e-04
5.886681383370125087e-04
1.048061086989070115e-03
-7.960631060935012375e-04
4.545110218922809018e-04
-7.163836951070993368e-05
-3.681614019586186668e-04
-6.957328385899814310e-04
-5.106879696505434640e-04
0.000000000000000000e+00
8.732988865439196557e-04
6.422149279292136120e-04
-5.228562892142217273e-04
-1.529943173539268647e-03
-3.714986254550858348e-04
-1.729583395999398452e-03
7.186489399928135753e-05
1.947770884432260862e-03
-7.329766180458843923e-05
-3.647505106507149125e-04
-5.023683077364719373e-04
5.693160813308687819e-03
9.741476208317722445e-04
-2.945941964943290733e-04
2.883714223920409345e-04
-1.391024233106376686e-03
5.782435851102277246e-04
-2.128752844454231616e-03
8.101937099506518287e-04
-7.261636772928618160e-04
6.781193490054249597e-04
-1.323042998897464061e-03
7.084661707403471431e-04
-7.471607890017932302e-04
0.000000000000000000e+00
1.865671641791044741e-03
-8.078137622090034858e-04
-8.128279021650780100e-04
7.195279896387969340e-05
-1.423791556916067559e-04
1.462736780516346016e-04
4.324947740214806001e-04
-1.445196622803681394e-03
9.006304413089161968e-04
2.220248667850799372e-04
4.482629809488233082e-04
1.010976314269208549e-03
-2.931906472183537569e-04
-1.965230536659107879e-03
-1.744693224774643845e-03
1.046572475143903776e-03
-2.902001637026564284e-03
2.712547469580717675e-03
-4.446091144868469756e-04
0.000000000000000000e+00
-6.397497867500711276e-04
2.983071071668282428e-04
-4.439183190292985987e-04
2.163721601153984733e-04
-1.879557927975340249e-03
-6.678044075090895475e-04
1.260286159092593918e-03
-2.871294235876821368e-04
1.021152443471918256e-03
1.199040767386091045e-03
-7.443799315170462612e-05
7.387706855791961996e-05
1.483239394838326984e-04
8.848904948012683647e-04
8.008736803785948414e-04
2.957923537676551066e-04
8.319467554076539302e-04
1.331656432640378890e-03
2.915876949992710228e-04
4.486987735566855913e-04
-1.495998204802154142e-04
-2.186588921282798799e-04
8.538383916789567306e-04
5.802567636179009223e-04
-1.472320376914016380e-04
-1.446027040705661129e-04
-2.269632319564230652e-04
-5.970149253731343343e-04
-3.648303538854432630e-04
4.328067517853278275e-04
-6.424441430508958262e-04
5.777007510109762826e-04
1.173364623056614856e-03
-7.902866585243192377e-04
-9.630342988369509352e-04
2.925073126828170618e-03
5.011813560535547610e-04
-1.461027102052743151e-03
-5.239128807723972573e-04
8.206505520740077367e-04
7.998836532867946002e-04
2.246517897259248196e-03
-8.128279021650780100e-04
2.208480565371024706e-04
1.727764423076923010e-03
4.595236271731638106e-04
1.109139307897071859e-03
7.821944108653914587e-04
7.998836532867946002e-04
2.027635926704716290e-03
-4.484975332635670513e-04
6.702412868632707903e-04
2.395568198832160635e-03
1.920236336779911328e-03
-1.167286787772670899e-03
3.723562704795948955e-04
4.992155184709741716e-04
-3.044371717786741971e-04
7.386615452799527224e-05
5.769092089132472857e-04
-5.323136902084270143e-03
5.959919541086195101e-04
2.558292522476427345e-03
-1.852247631260240703e-03
0.000000000000000000e+00
8.192448052431667476e-04
-1.208824418253248711e-03
2.920134326179004173e-04
-1.466705778820768570e-04
1.343183344526527930e-03
-1.412639405204460952e-03
2.014678370988631523e-03
1.573505170088416007e-03
-1.291896935333381119e-03
-1.492537313432835836e-04
1.167712742665304258e-03
1.456452082726478181e-04
3.004130679684566263e-04
6.725954711904939647e-04
2.357969199027337703e-03
-1.305382784304691618e-03
3.733014782738539885e-04
-2.207830438622313690e-04
2.941392749466872816e-04
3.120588453822720817e-03
-5.888414544383925109e-04
-7.209805335255948502e-05
1.479727730097662086e-04
-1.705756929637526577e-03
2.167350414118739913e-03
6.763865925146550278e-04
7.478312892611426973e-05
-2.249550089982003519e-03
-1.020556932497448553e-03
3.699593044765075913e-04
-2.250562640660165115e-04
1.015670342426001167e-03
2.972430705209184640e-04
-5.082776648271856122e-04
6.180469715698392544e-04
