1.042200580898684434e-02
5.066155988857938552e-02
3.162933834843562747e-02
2.260421143102707420e-02
6.060081378235650414e-03
3.162933834843562747e-02
-2.217960476944884352e-02
1.854066985645932975e-02
3.139703995209171261e-02
-1.430651931808446867e-02
4.223883191378411534e-02
-3.092012301554317860e-02
-4.958815209252017547e-02
-5.186533212010919353e-02
-2.217960476944884352e-02
-3.092012301554317860e-02
3.541504707609915981e-02
-3.232740801984290702e-02
3.541504707609915981e-02
-2.217960476944884352e-02
1.042200580898684434e-02
4.205199790612458577e-02
-5.048776313537566181e-03
6.060081378235650414e-03
-3.065959562479284028e-02
1.854066985645932975e-02
-3.092012301554317860e-02
5.066155988857938552e-02
1.431794515793127429e-02
-3.092012301554317860e-02
2.260421143102707420e-02
1.597191750767880739e-02
-5.186533212010919353e-02
6.060081378235650414e-03
3.541504707609915981e-02
3.541504707609915981e-02
-3.468016261511656928e-02
-4.958815209252017547e-02
-4.337103495195169731e-03
-3.232740801984290702e-02
-4.958815209252017547e-02
-3.468016261511656928e-02
3.139703995209171261e-02
-5.048776313537566181e-03
-5.048776313537566181e-03
3.541504707609915981e-02
-5.048776313537566181e-03
-3.092012301554317860e-02
-2.217960476944884352e-02
-2.217960476944884352e-02
-3.468016261511656928e-02
1.597191750767880739e-02
-1.430651931808446867e-02
1.597191750767880739e-02
1.394700139470013900e-03
-5.048776313537566181e-03
1.854066985645932975e-02
3.139703995209171261e-02
1.431794515793127429e-02
4.205199790612458577e-02
2.080668542679287025e-02
1.854066985645932975e-02
4.223883191378411534e-02
-2.217960476944884352e-02
-4.337103495195169731e-03
-5.048776313537566181e-03
1.431794515793127429e-02
6.060081378235650414e-03
1.597191750767880739e-02
1.394700139470013900e-03
3.139703995209171261e-02
-3.232740801984290702e-02
3.139703995209171261e-02
-3.092012301554317860e-02
1.854066985645932975e-02
3.224976413071446724e-02
3.139703995209171261e-02
-3.092012301554317860e-02
-1.430651931808446867e-02
1.042200580898684434e-02
-3.468016261511656928e-02
-5.186533212010919353e-02
3.139703995209171261e-02
1.394700139470013900e-03
-1.430651931808446867e-02
-3.468016261511656928e-02
-2.217960476944884352e-02
3.139703995209171261e-02
-4.337103495195169731e-03
3.224976413071446724e-02
1.042200580898684434e-02
1.431794515793127429e-02
4.223883191378411534e-02
2.260421143102707420e-02
3.139703995209171261e-02
1.854066985645932975e-02
-2.217960476944884352e-02
3.139703995209171261e-02
3.541504707609915981e-02
-3.468016261511656928e-02
3.162933834843562747e-02
-3.232740801984290702e-02
-3.092012301554317860e-02
-5.048776313537566181e-03
-3.232740801984290702e-02
-1.430651931808446867e-02
4.223883191378411534e-02
-4.958815209252017547e-02
-3.232740801984290702e-02
1.597191750767880739e-02
5.066155988857938552e-02
-4.958815209252017547e-02
5.066155988857938552e-02
4.223883191378411534e-02
4.223883191378411534e-02
4.205199790612458577e-02
-3.468016261511656928e-02
-3.232740801984290702e-02
4.307099711109165646e-02
4.223883191378411534e-02
-3.065959562479284028e-02
4.205199790612458577e-02
-5.186533212010919353e-02
6.060081378235650414e-03
1.854066985645932975e-02
-1.430651931808446867e-02
2.260421143102707420e-02
3.224976413071446724e-02
-1.430651931808446867e-02
6.060081378235650414e-03
1.042200580898684434e-02
3.139703995209171261e-02
2.080668542679287025e-02
-3.232740801984290702e-02
1.431794515793127429e-02
3.162933834843562747e-02
6.060081378235650414e-03
1.394700139470013900e-03
3.224976413071446724e-02
-1.430651931808446867e-02
-5.048776313537566181e-03
-3.232740801984290702e-02
4.205199790612458577e-02
4.205199790612458577e-02
3.541504707609915981e-02
4.223883191378411534e-02
3.162933834843562747e-02
2.260421143102707420e-02
-1.430651931808446867e-02
6.060081378235650414e-03
-5.186533212010919353e-02
5.066155988857938552e-02
3.224976413071446724e-02
3.162933834843562747e-02
-3.468016261511656928e-02
-2.217960476944884352e-02
4.307099711109165646e-02
4.205199790612458577e-02
1.042200580898684434e-02
-4.958815209252017547e-02
3.139703995209171261e-02
1.394700139470013900e-03
1.597191750767880739e-02
3.541504707609915981e-02
1.431794515793127429e-02
-5.186533212010919353e-02
2.080668542679287025e-02
1.042200580898684434e-02
-4.958815209252017547e-02
5.066155988857938552e-02
-3.468016261511656928e-02
3.139703995209171261e-02
1.597191750767880739e-02
4.223883191378411534e-02
-3.092012301554317860e-02
1.854066985645932975e-02
2.080668542679287025e-02
-2.217960476944884352e-02
1.431794515793127429e-02
-3.092012301554317860e-02
1.394700139470013900e-03
-3.232740801984290702e-02
1.042200580898684434e-02
1.431794515793127429e-02
1.394700139470013900e-03
2.260421143102707420e-02
-3.468016261511656928e-02
1.597191750767880739e-02
-2.217960476944884352e-02
-3.065959562479284028e-02
2.080668542679287025e-02
-3.232740801984290702e-02
-4.337103495195169731e-03
6.060081378235650414e-03
-4.337103495195169731e-03
-1.430651931808446867e-02
4.307099711109165646e-02
1.597191750767880739e-02
-4.958815209252017547e-02
1.431794515793127429e-02
