4.476676515355000390e-04
4.512228138254670154e-04
-6.957731779439902797e-04
1.781102502449015835e-04
-4.427913567127169780e-04
0.000000000000000000e+00
-4.751619870410367374e-03
6.288178224937118581e-04
-2.142283316968669228e-03
-1.247660636306924514e-03
3.681207436039020788e-04
-1.183539694100509869e-03
-1.829993595022417433e-03
-3.518648838845883143e-04
-1.253918495297805724e-03
-1.569311246730601545e-03
4.375601645226218496e-04
6.159802886307638422e-04
1.064679265371306976e-03
2.299053850915200401e-03
7.739272508384212063e-04
-5.195255000432938376e-04
-2.425222312045271014e-03
2.325373401305786715e-03
-2.941717227431513235e-03
1.201256699316207745e-03
-8.049369466058491724e-04
7.734616706772086750e-04
-1.031016410344531408e-03
4.411116012351124762e-04
1.750393838613688139e-04
-1.808972503617944873e-04
-8.150183150183150718e-03
-1.407831060272767259e-03
-9.881422924901185102e-04
3.140007388252678052e-03
-6.301197227473220083e-04
3.502626970227670886e-04
-8.943743851176101916e-04
6.331403762662807461e-04
4.295532646048109884e-04
-1.780468263153209187e-04
-1.296904720733183403e-03
9.015506671474937293e-05
-2.755580049600441146e-04
-1.143359718557607771e-03
7.361059992638939887e-04
-9.000900090009000517e-04
-2.754820936639118209e-04
-1.469237832874196450e-03
-1.010472166084879679e-03
-2.542680711950599456e-03
-8.263703975759801581e-04
-7.195538765965101696e-04
-5.385512970110402885e-04
-1.802613789995493557e-04
5.169739789763914874e-04
5.328123612467808821e-04
-7.921140644252771916e-04
-5.152425933877201021e-04
-2.622606871230002620e-04
7.662182870764515201e-04
-7.036059806508355432e-04
8.942944017170451944e-05
4.539264639128461304e-04
-1.277255724842623784e-03
-4.342539517109605864e-04
-1.242015613910574896e-03
-1.750393838613688139e-04
3.519267992257610572e-04
-1.794687724335965607e-04
6.412017953650269754e-04
5.511160099200882291e-04
-8.652015919709291839e-05
2.411790978115229897e-03
-8.914244963451595618e-04
1.304801670146137765e-03
-4.262211235188816030e-04
-2.588214994392200774e-04
1.794204718758410410e-04
1.348799568384138068e-03
-8.985533291400843968e-05
1.334757074212493356e-03
-6.344027551205365769e-04
1.007326007326007434e-03
-3.601981089599279361e-04
4.895169483698161815e-03
-5.402485143165856396e-04
8.655011251514626452e-05
-7.150518412584912220e-04
-2.608242044861763050e-04
2.671891699323120702e-04
6.036564332528457583e-04
-7.325336507645820346e-04
-1.798076058617279556e-04
1.810813141329654236e-03
4.619791185438417921e-04
5.243380232456523174e-04
-1.745810055865921844e-04
6.439150032195750011e-04
-6.994229760447630241e-04
-2.705627705627705625e-04
1.715730540003612085e-03
-1.356483993488876794e-03
-4.480286738351254476e-04
8.806693086745926618e-04
-9.359312515953373181e-04
-1.074498567335243574e-03
6.122627481850782642e-04
-6.181561285764747933e-04
-1.149018914619055970e-03
-1.015603360723848266e-03
1.409443269908386247e-03
0.000000000000000000e+00
-7.731294562322824256e-04
9.021199819576003563e-04
8.623663332183511220e-05
-9.547782310563319302e-04
1.641586867305061537e-03
-4.422430567840084721e-04
-1.634830493890896590e-03
6.215592257147931456e-04
1.759479194158529089e-03
6.018916595012897483e-04
-3.611738148984198430e-03
8.587376556462000799e-05
-2.660517914153955163e-04
-3.442044574477239331e-04
2.692031586503948275e-04
4.409948844593402934e-04
-4.312947468299836327e-04
3.692421305270931348e-04
1.773993258825616506e-03
-1.793882859449278083e-04
8.655760408551891672e-05
-7.910697020304122487e-04
-4.941434846266471587e-03
-2.706115821757171139e-04
-5.262234695667427275e-04
-1.567125195890649563e-03
1.718656010999398379e-04
1.747487986020096235e-04
4.369483527047103187e-04
-6.024096385542169205e-04
3.571747477453343905e-03
2.270742358078602433e-03
-2.601908065915004464e-04
-2.673320263767599422e-04
9.858397562287149214e-04
-6.120486141470665546e-04
0.000000000000000000e+00
-6.220563405314138939e-04
-1.350864553314121098e-03
1.024327784891165090e-03
5.246589716684155452e-04
-2.298240961725448415e-03
-2.626970227670753300e-04
1.797106658280168794e-04
-8.619203585588692152e-05
-1.790029535487335627e-04
1.268230818008877613e-03
8.979078746520607196e-05
6.215040397762585040e-04
-4.474673348845534140e-04
4.060376026127637469e-03
3.538257408226448686e-04
-6.279716515654435892e-04
6.996064713598600755e-04
6.141967184346758040e-04
-8.528057308545113416e-05
1.751006828926632893e-03
0.000000000000000000e+00
9.896536212325687028e-04
0.000000000000000000e+00
-6.433232239683852943e-04
-4.450378282153982963e-04
1.259445843828715331e-03
-1.308329699084169245e-03
-3.601008282319049592e-04
-4.498425551057130172e-04
1.068947087119187511e-03
0.000000000000000000e+00
-6.147361025731096782e-04
-1.043932144410613262e-03
1.516097386961562507e-03
0.000000000000000000e+00
-5.324813631522897200e-04
-8.607333448097778715e-05
-9.055510278004165817e-04
4.375984596534220213e-04
3.218390804597701191e-03
-9.638131954788399253e-04
1.223455387573188849e-03
-8.235724743777452644e-04
8.744316194473592419e-05
1.801477211313276885e-04
-1.296904720733183403e-03
-2.674750356633380857e-03
1.032524522457408441e-03
6.293832044596295262e-04
