-6.308011174191222731e-03
5.901881224640354376e-03
6.259484066767830035e-03
-1.912777352716143781e-04
-1.017265515632291215e-02
-4.457088667614983804e-03
-1.032638760833486970e-02
-3.298774740810556105e-03
-2.360271903323262702e-03
-6.974552309142318697e-03
1.716986592070994522e-02
2.759635728083892955e-03
2.832861189801699851e-03
2.392784833425363675e-03
-6.345177664974618794e-04
-5.784592783031861432e-03
5.248618784530386869e-03
-6.666057894256231971e-03
1.045425108705708150e-02
-2.246989034693510669e-03
7.415858528237307193e-03
1.719854767819606334e-02
1.194852941176470680e-03
4.678040726472206673e-03
-3.939532753092074742e-03
7.415858528237307193e-03
1.316531878879067087e-03
5.292903920337310546e-03
5.157962604771115442e-03
1.095790338781846458e-03
1.715885487221168685e-03
-3.608772092162487385e-03
3.116692639105325853e-03
4.594467885607126344e-03
2.179242713157177914e-03
-3.754578754578754684e-03
-5.263157894736841987e-03
9.494872768704899118e-04
-2.055406613047363815e-03
5.979073243647234880e-03
4.730816538934619689e-03
9.579461634256154811e-04
3.405221339387060064e-03
6.043138713276311261e-03
3.030859662013225386e-03
-4.028566196667277000e-03
-1.132852729145211040e-02
-1.220428088621855131e-02
4.100705702841884147e-03
-3.505933117583603150e-03
4.678040726472206673e-03
1.415762151958471077e-03
2.731742851939537365e-04
-8.442776735459662715e-03
1.007602821287899688e-03
8.774386259684494732e-03
8.430913348946135824e-04
6.078200127007166685e-03
2.447058823529411550e-03
2.759635728083892955e-03
-1.935300256142680891e-02
4.574146921599121958e-03
2.737975723281920164e-03
-6.947052196770559483e-03
4.612462693316451458e-03
-2.545488828132365464e-03
-7.600036626682538446e-03
1.358497447118891394e-02
0.000000000000000000e+00
-1.832172957127152784e-04
-9.290773617882440091e-03
-2.250022500225002439e-03
1.040287497635710183e-03
-2.150939867202843105e-03
-1.017265515632291215e-02
6.743280463481811891e-03
3.687315634218289034e-04
-9.351912466099316788e-05
-8.111762054979720872e-04
2.198406155537235406e-03
5.116058739933680884e-03
1.605399981756818265e-02
8.532268312607787716e-03
-9.675583380762664207e-03
5.369376041473801313e-03
-3.203074951953875735e-03
3.189792663476874023e-03
3.093158660844250347e-03
5.978660779985283183e-03
6.184987348889513931e-03
-2.975385447660265290e-03
-2.114972514674368781e-02
-4.966588405273614226e-03
-3.595795685045177856e-03
2.807085470912786592e-03
-7.814706713115526088e-03
-2.539912917271407774e-03
9.358914365933551388e-05
6.065696155281821884e-03
5.085224597419719765e-03
3.030859662013225386e-03
-1.698855507868383399e-03
3.477624233549922363e-03
6.954233624659336178e-03
-8.693265007320644458e-03
4.571637560574197553e-04
5.479205964250426913e-03
-5.520361990950226061e-03
7.623403849818944332e-03
-1.342281879194630800e-03
-6.236416895020315508e-03
8.304881424748547167e-04
-2.065930117668193875e-03
6.439325231271540197e-03
-1.109971084786866811e-02
1.466141299367726587e-03
3.247924936845903929e-03
3.185003185003185133e-03
-2.986746313235019712e-03
9.020386072523903795e-04
-1.712328767123287576e-03
1.073226327286542006e-02
8.894653942370054148e-03
4.574565416285453212e-03
-2.751536274419884558e-03
2.804191732971084844e-02
2.220166512488436650e-03
5.583948514101835792e-03
3.127011864250896830e-03
-7.620271759089239892e-03
-1.215748620592911264e-03
3.946626573952265009e-03
1.626248216833095506e-02
1.416753827137016281e-02
4.598969830757910007e-03
6.439325231271540197e-03
1.470858613715756618e-03
-1.341834792539017829e-02
1.470858613715756618e-03
-1.490978157644824373e-02
2.997096562704879529e-03
-4.019366036356992848e-03
-1.828989483310470903e-03
-4.163512490537472042e-03
8.783528522856062781e-03
-6.151925820256775625e-03
6.078200127007166685e-03
-5.170144764053393252e-03
-1.470858613715756574e-02
5.978660779985283183e-03
-6.236416895020315508e-03
-9.151642719868216232e-04
2.868776605589487376e-03
-1.148215481772079218e-03
-6.228246931672467256e-03
-3.605552550928429871e-04
3.381465911167976738e-03
-1.841480778357854758e-02
-3.512664078387872126e-03
3.923820461288161920e-03
6.014063656550703608e-03
1.741361928329209158e-03
-1.223444613050075902e-02
1.521491061240015132e-02
1.502206365599474160e-03
2.432634730538922249e-03
-1.654107700790295949e-03
-3.747774758737000035e-04
-8.617424242424242403e-03
-6.240249609984399592e-03
8.343376286270511206e-04
8.127776202627350413e-03
-9.974610083424012563e-04
-9.342301943198804554e-03
1.000000000000000021e-02
-1.378169790518191757e-03
1.540509699505515466e-02
6.530612244897959426e-03
7.339449541284403643e-04
-5.966039467645708853e-03
1.222446818750601641e-02
2.840909090909090988e-03
-8.256029684601113444e-03
8.401033973412111791e-03
9.451795841209830124e-04
-2.240554982656791858e-02
8.977466558937067988e-04
1.276146612934177769e-02
5.505597357313268261e-04
6.550014035744362167e-03
3.744967699653590359e-04
-2.846125596768270347e-03
2.656407437940826351e-03
1.581689616672869291e-03
-1.027235887286777859e-02
-5.508870214752568072e-03
1.877621044605413611e-02
4.406499586890664025e-03
-8.362757851700427375e-04
2.281854691493245737e-03
