8.435259384226065208e-05
3.427004797806717162e-04
-4.359197907585004531e-04
2.557326741113289835e-04
-2.487355940635104976e-04
1.674340728338216797e-04
1.716148961729878158e-04
-3.478865889719951398e-04
3.358804265681417469e-04
1.282270473585228176e-03
8.340283569641368023e-05
1.176668347621449059e-03
-9.960986137627625674e-04
8.338892595063374916e-05
5.803349361631570356e-04
-3.387247014988568243e-04
-1.665417603464068520e-04
-1.685487948761166255e-03
-1.735357917570498946e-04
1.498252039287497998e-03
-1.677711601375723549e-04
0.000000000000000000e+00
-8.296689620841283868e-05
-1.727414061150457723e-04
1.708233686368295181e-04
3.428179636612958695e-04
-2.510670348983178512e-04
-1.713208840157615326e-04
-8.267879288962381372e-05
-6.122092006297008473e-04
-8.667013347200555140e-05
5.168849069607167135e-04
5.991098938719617052e-04
-1.677289500167728951e-04
-2.500625156289072531e-04
7.665445873434971599e-04
9.133178346064430627e-04
-5.225570458108343922e-04
-2.503128911138923504e-04
1.679825298168990445e-04
8.399126490844952225e-05
0.000000000000000000e+00
4.270584215920738224e-04
-1.211072664359861498e-03
0.000000000000000000e+00
-4.194982800570517417e-04
6.149521215848194593e-04
-4.143531946631308382e-04
-1.715118771974959340e-04
0.000000000000000000e+00
7.572570466975179267e-04
-2.583534274888046748e-04
1.708817498291182629e-04
0.000000000000000000e+00
-2.513404825737265464e-04
8.435259384226065208e-05
6.998582565556342797e-03
2.538071065989847843e-04
-3.463803255975060700e-04
1.049501486793773036e-03
8.270614506657845044e-05
3.372396931118792798e-04
-1.712328767123287685e-04
-8.291186468783682802e-05
-8.300132802124833402e-05
-8.293937131956540020e-05
8.603630732168975536e-04
-2.084781097984711451e-03
2.178269582643548030e-03
1.520655571513052258e-03
-2.553843534519451681e-04
-1.722059583261580757e-04
1.470969974906982756e-03
0.000000000000000000e+00
-1.664724488097219998e-04
5.006257822277847009e-04
-4.270949004868881678e-04
-4.146968565978270010e-04
8.319467554076539302e-05
8.588851670531650164e-04
-8.538980445734778728e-05
-5.971167789814894140e-04
1.199040767386091045e-03
4.245923913043478143e-04
1.078659143710587525e-03
1.661957786272228680e-04
-1.388165885823355872e-03
-4.332004851845434336e-04
-3.465003465003465015e-04
-1.670425123193852702e-04
7.478810038225029060e-04
-8.535336292249915162e-04
9.171252292813073448e-04
9.537847914679615374e-04
6.675567423230974445e-04
-5.983417386101376337e-04
-1.084056037358238807e-03
0.000000000000000000e+00
0.000000000000000000e+00
-8.273351534706709922e-05
1.143862736471623317e-03
-8.555783709787816431e-05
-1.736714136853073891e-04
-3.327510190499958467e-04
4.295532646048109884e-04
-3.382377811601555706e-04
1.543342193260739074e-03
-3.459309867681397365e-04
1.673920321392701805e-04
-3.319502074688796597e-04
-8.531695247845746857e-05
0.000000000000000000e+00
-2.482827112472068068e-04
-3.332222592469177044e-04
-2.570033410434335711e-04
8.405480373203328488e-05
5.001250312578145061e-04
4.996252810392206103e-04
-2.974167233174711093e-03
-1.663616702711695288e-04
-1.138852387209811617e-03
4.986287708800798057e-04
-3.403965619947238409e-04
3.370691834499031170e-04
0.000000000000000000e+00
-6.937218175511619764e-04
6.639004149377593193e-04
-2.507732174203794765e-04
1.704158145875937357e-04
6.851661527920520876e-04
-1.677570877369568734e-04
-8.585901948999741750e-05
2.060439560439560492e-03
8.517162081594413189e-05
5.132591958939264733e-04
-7.575119939399040060e-04
1.708233686368295181e-04
8.274036074797285953e-05
1.190678686851505278e-03
0.000000000000000000e+00
1.674060433581652191e-04
5.114217524718717807e-04
-3.353735222604175593e-04
-2.596278667243617278e-04
8.291873963515754493e-05
-1.656314699792960543e-04
-4.199916001679966648e-04
7.506881307865543359e-04
-1.130041724617524435e-03
4.273504273504273501e-04
-8.325008325008325001e-05
2.489419965148120481e-04
4.287429257417252706e-04
-4.184450581638630854e-04
2.546905509805586117e-04
5.132152938157557133e-04
-2.585538222873394725e-04
3.312629399585921086e-04
1.708963513628984101e-04
-1.654122901331569009e-04
1.290433585684790064e-03
1.711010351612627365e-04
4.340654570709262723e-04
-4.346692167260714375e-04
8.552125203112974079e-05
-8.276775368316503919e-04
9.319664492078284877e-04
0.000000000000000000e+00
4.343293954134816101e-03
0.000000000000000000e+00
1.710425040622594816e-04
4.154894465680571700e-04
-1.006120566781252678e-03
7.714065312419645694e-04
-4.188657116528441120e-04
-2.569373072970195329e-04
-1.709255619177848119e-04
8.518613169775960618e-04
8.370302167908260955e-05
-2.510250188268764080e-04
-7.791533200588693668e-04
8.340283569641368023e-05
-3.357394661742487720e-04
0.000000000000000000e+00
1.732952083874880788e-04
5.106817601498000103e-04
5.026809651474530927e-04
-7.475083056478405057e-04
8.397715821296606990e-05
-8.331250520703156867e-05
2.526315789473684132e-04
1.109972677595628347e-03
4.971826317533974094e-04
8.423890152472412421e-05
1.731002250302925290e-04
-3.412678099138298743e-04
1.653439153439153347e-04
-2.513194269917064347e-04
6.655020380999916935e-04
2.520796571716662571e-04
