4.066200599229561653e-03
5.951920847182499801e-03
1.494023904382470094e-03
9.274811947710508153e-03
1.009238413166679664e-03
1.149511645379413909e-02
-1.092487279257707208e-02
2.422038226418014514e-02
-9.533366783743101383e-03
-4.883572793545190582e-03
9.973451962402238996e-03
1.269265639165911147e-02
8.303496610040374606e-03
1.307569373819555437e-02
4.484304932735426051e-04
-1.470477339567151723e-02
-4.597370878528841617e-03
6.228425634098754514e-03
-1.186415542043600668e-03
5.592600559260056323e-03
-4.367765887748416460e-04
-1.675016824945786340e-02
-2.416145537237066650e-03
-2.455373954959704647e-02
1.013488337431999418e-02
-8.039271485486625471e-03
-2.204585537918871130e-04
5.056797361670941487e-03
9.405107814650558173e-03
2.662524961171511186e-03
1.236910001517681039e-02
6.407811427263711626e-03
1.475734063593488535e-02
-1.135139018607658583e-02
8.395386187764636646e-03
8.076620684725895408e-03
1.109043542984741379e-02
5.501964987495533942e-03
-3.481102585961921153e-03
1.592702526605371816e-03
-1.500795876601227971e-02
1.340604408089070623e-02
1.116237535347522000e-02
-1.409600118703167870e-02
-7.207890743550834402e-03
4.531838082802058451e-03
-9.788048277892258398e-03
-3.481102585961921153e-03
-1.628043414491053137e-02
-6.188026541415044858e-03
-3.481102585961921153e-03
-9.559372666168783339e-03
2.163533273649656790e-03
5.888414544383925109e-04
-1.041589717071729308e-02
-4.086983343615052840e-03
4.550280600637039534e-03
5.071461502996772903e-03
-7.405824966175318658e-03
-7.755545214828602797e-05
-1.334098407688997200e-02
2.137970353477765175e-03
1.187453323375653458e-02
1.621701312103788909e-03
8.836737650296971544e-03
-5.289822679183430430e-03
8.170541484067443596e-04
-9.533366783743101383e-03
9.378390947139977896e-03
1.206636500754147863e-02
4.273504273504273934e-03
2.246349681767128344e-03
1.398189712267275094e-03
5.224045324111544104e-03
-1.401102995975555231e-02
5.433601391001956216e-03
6.865512243496834505e-03
1.627801332525741912e-02
1.475434391851408039e-02
-6.461339651087658585e-03
5.265852409858846200e-03
6.762589928057553823e-03
-1.121092879946543851e-02
-1.846517468055247635e-02
1.381524904786797167e-02
-1.491371351466515196e-03
-1.367704976727533196e-02
-1.491371351466515196e-03
4.870373145511763986e-03
-1.335014462656678759e-02
6.640596177967977073e-04
-1.724137931034482735e-02
-1.877521085441877582e-02
-1.359381964046946917e-02
-2.588948886751978908e-03
9.301649589419373060e-03
1.045195703885244687e-02
-1.292877961288393940e-02
-3.643664485425341867e-03
2.366609294320137693e-03
7.414201635710463908e-03
-8.586679043861684957e-03
-1.335014462656678759e-02
8.034842682285799412e-03
-1.354240912330719956e-02
1.273694463175245465e-03
7.561572807143886361e-03
1.174787258076662351e-02
-4.463255098114659800e-03
1.297036422592564610e-02
6.762589928057553823e-03
1.239884178483926028e-02
3.560999928780001606e-04
2.366609294320137693e-03
1.353221590035368245e-02
-7.207890743550834402e-03
-9.195233191113726112e-03
6.749156355455567836e-03
-4.597370878528841617e-03
-9.906890130353817811e-03
-1.948445792266868815e-02
9.648417513339668794e-03
-2.483854942871336312e-03
6.633136525985859448e-03
-6.698564593301435492e-03
5.503904797322424665e-03
-1.929398313562955469e-03
6.749156355455567836e-03
1.958792803250145216e-03
1.998183469573115364e-02
-9.116042740790555182e-03
-1.611632404555547737e-02
-4.597370878528841617e-03
6.762589928057553823e-03
-1.207300617853845686e-03
7.311952508506479147e-03
-1.587770474854146782e-02
-6.327716871459053948e-03
-1.129280633570433311e-02
6.544879171461450047e-03
-1.121688436277765502e-02
-3.674849331177421530e-04
2.167576052021825267e-03
1.000447961773928696e-02
6.169627592358581901e-03
-1.209103840682788141e-03
1.218375976492510606e-03
2.947943629565717445e-03
-8.318478906714200927e-03
1.384902411021813988e-02
-3.643664485425341867e-03
7.414201635710463908e-03
3.178042614662333031e-03
6.216118539934947958e-03
-9.485294117647058779e-03
-5.898603748226685997e-03
-2.456088121464721462e-03
1.425661914460285215e-02
8.022192232718548463e-03
-1.112759643916913987e-03
-6.409799871804002132e-03
-7.207890743550834402e-03
2.980517592323349892e-03
-7.207890743550834402e-03
-1.268451895259995604e-02
-1.382352941176470673e-02
-1.121688436277765502e-02
-2.385567317727747220e-03
-6.255979980864061034e-03
-1.382352941176470673e-02
-2.588948886751978908e-03
-1.013412816691505215e-02
-3.055062166962699624e-03
9.487103468722205349e-03
1.103078184392934299e-02
-4.937554458321231909e-03
-2.065658428624123771e-03
-2.390288041019453941e-02
-1.115049475705213490e-02
3.949389307394134650e-03
-1.288244766505636067e-02
3.855106197265056791e-03
-6.698564593301435492e-03
6.591760299625467993e-03
-3.202502420496015478e-03
3.995350864448641952e-03
6.221300548066952853e-03
-8.225529051073057762e-04
-7.207890743550834402e-03
-1.359381964046946917e-02
1.236910001517681039e-02
2.975969049921880615e-03
3.206801402043403786e-03
-1.987230073893392693e-02
-1.434720229555236696e-04
2.880752027897808942e-03
2.137970353477765175e-03
1.425661914460285215e-02
1.221860189573459668e-02
-5.199682241640788717e-03
