3.471150879358222627e-03
-8.801673760911911046e-03
-3.354028402197959183e-03
3.980021851100358846e-03
-1.864419419792676504e-03
2.944857542516380721e-03
-2.892960462873674261e-03
2.933456847305851434e-03
-4.706445437141033514e-03
1.413538558190670542e-03
-5.412092160197928348e-04
-1.698670605612998550e-03
2.368966538347645669e-03
5.951484104263974999e-03
-2.225354202210518537e-04
1.518948887369940114e-04
-4.745709088032903315e-04
-1.460864216515454306e-03
-1.424501424501424410e-04
-1.343024174435139897e-03
1.759436980166346814e-03
2.721741914825488110e-03
-9.180628873077806154e-04
-1.577535888941473464e-04
-1.481042654028435915e-03
-7.818608287724784865e-04
-1.789781972014318264e-03
-6.890743434652782688e-04
-2.294087175312661733e-03
-2.293408300658430262e-03
5.942275042444821430e-03
-2.076381164256581400e-03
-3.026775320139697516e-03
5.358054090831774509e-03
3.220871245671954068e-04
2.304490038655961862e-03
1.501614235302950592e-03
-1.554243083618277958e-03
-9.544787077826725639e-04
8.040524242180589884e-04
1.253502433269429320e-03
1.614726303891490453e-04
-2.505219206680584692e-04
-1.200686106346483643e-02
-1.275701635899744932e-03
1.256095758829614203e-03
4.808372224579267502e-03
1.234472648715376902e-03
5.685913349883879586e-03
2.906326849988821823e-03
-5.545952175165658714e-03
3.113325031133250286e-04
-3.875656035526846982e-03
-9.655377302436125766e-04
-7.192692224699705336e-04
7.697152053740116597e-04
0.000000000000000000e+00
1.107092774374492539e-03
7.135721421435706950e-05
-3.074111000332336186e-03
-1.208507895584917799e-03
-6.938905726591162657e-03
1.423487544483985866e-03
1.040505388331475212e-03
-6.381260096930532755e-03
1.849386003846722809e-03
1.165229550221393668e-03
-3.965922444183313592e-03
4.438854775467929452e-04
-2.969121140142517729e-03
-1.671351515611942638e-03
2.296562810992880638e-04
1.555330896648261883e-03
8.068773094035140356e-03
8.449838684897833423e-04
-2.905803535394301581e-03
5.651085815774602519e-03
-2.373660030627871426e-03
-3.180914512922465315e-03
-1.100110011001100051e-03
-3.257859586251832338e-04
-1.438848920863309384e-03
-4.461629982153480015e-03
2.925511964593803700e-03
2.306890906384878853e-03
5.884083553986466097e-04
2.650452135952603532e-03
1.268278125932557421e-03
2.488387524883875403e-03
-1.480673316708229362e-03
-1.316463102464711550e-03
3.632401017072284938e-04
-7.757720423690884527e-03
-1.269699006647247641e-03
1.261595547309832992e-03
1.758112958757600264e-03
-2.287511616269926468e-03
4.686105325795894040e-03
-2.330226364846870943e-03
1.537590029942542723e-03
5.154639175257732077e-04
-1.370302107540668363e-02
5.141801237245923091e-03
1.531862745098039194e-04
-2.250080360012857422e-03
-1.261741202859946757e-03
-1.261741202859946757e-03
-1.001645560563783335e-03
4.682013265704252822e-04
3.033295711060948058e-03
1.540719002201027150e-02
-2.949852507374631227e-03
1.434148673412477147e-03
6.671489430110119460e-03
-5.707355354212742147e-04
1.455015762670762306e-03
-1.710505083104727972e-02
3.260696675679974638e-03
1.228784271561324118e-03
3.919007184846505683e-03
2.564951183187158795e-03
-1.717944713415586484e-03
1.362725450901803703e-03
-6.546134663341645829e-03
-6.263048016701461621e-03
1.270110076206604471e-03
1.511054557022427271e-03
-1.462100808003078106e-03
-4.804227720393946426e-04
-9.641651936365097219e-04
-7.315288953913680174e-05
6.105610561056105251e-03
2.002002002002001985e-03
8.932559178204555134e-04
-3.653989560029828349e-03
-4.155884889829843803e-03
-1.736659299021155699e-03
2.392726112617642501e-04
-4.818890048992048960e-04
9.418412997409936465e-04
7.684623069238454181e-04
3.829950210647261504e-04
-7.920645495595528621e-03
-7.444168734491315130e-03
-1.300987219713782735e-03
1.000714796283059399e-02
-3.016008042688114038e-03
-3.583201949261860574e-04
7.452120128176466631e-04
-2.103491796381994181e-04
-3.765343775886738527e-04
1.550267421130144892e-04
1.398716471943393155e-03
1.150218541522889408e-03
-1.168497312456181266e-03
5.050923242527117878e-03
1.455015762670762306e-03
-1.143186117279381547e-02
8.944543828264758106e-03
1.504621336963530903e-03
1.318584719068200198e-03
4.431641923332594679e-04
-8.973975471133712259e-03
6.973500697350069769e-05
-6.958942240779401921e-04
-5.648349874929395852e-04
3.985016338566987892e-04
-2.002224694104560651e-03
0.000000000000000000e+00
7.136954398617684908e-03
-2.216803369541121599e-04
7.418397626112759914e-04
0.000000000000000000e+00
7.852655625356938594e-04
-1.600384092182123748e-03
-3.965922444183313592e-03
5.306246209824135420e-04
2.142593276690062717e-03
-3.694126339120797900e-04
6.891970439259320624e-03
-1.586546089163890340e-04
2.769631801889866404e-03
3.610651421693997307e-03
5.160550458715596617e-03
1.035609017764677802e-03
-4.780043319142579863e-03
6.122154998559493216e-03
5.830478828073755448e-04
-6.209251785159888327e-03
1.045868818168235563e-03
2.282936887841520088e-03
-1.500570869352471116e-02
8.003841844085161125e-05
3.033838973162193697e-03
-2.265094118565960917e-03
1.506143479984145897e-03
5.445775634043877869e-04
1.580028440511929211e-04
-9.980806142034549539e-04
1.475040757705147051e-03
