5.829936486870793133e-02
3.109716711266955966e-02
4.477471545480199433e-02
-4.557885141294439274e-04
3.120960295475530902e-02
4.999527454871940252e-02
4.999527454871940252e-02
3.109716711266955966e-02
1.251350378105869562e-02
5.347999241418547461e-02
-3.083340890541398389e-03
3.679210134128167026e-02
3.282194328219432966e-02
7.972053027588677648e-03
4.477471545480199433e-02
3.623925302764167272e-02
2.017608217168011600e-02
3.282194328219432966e-02
5.347999241418547461e-02
-3.083340890541398389e-03
3.221637588848887818e-02
5.347999241418547461e-02
5.829936486870793133e-02
4.999527454871940252e-02
1.215121512151215097e-02
3.282194328219432966e-02
4.477471545480199433e-02
1.251350378105869562e-02
3.120960295475530902e-02
7.972053027588677648e-03
4.477471545480199433e-02
3.282194328219432966e-02
3.120960295475530902e-02
9.560229445506692250e-03
3.120960295475530902e-02
3.109716711266955966e-02
3.282194328219432966e-02
3.623925302764167272e-02
2.150636039169030733e-02
5.130513051305130891e-03
9.560229445506692250e-03
3.109716711266955966e-02
5.829936486870793133e-02
7.972053027588677648e-03
2.150636039169030733e-02
2.150636039169030733e-02
5.829936486870793133e-02
7.972053027588677648e-03
3.241199243720176582e-03
3.241199243720176582e-03
4.477471545480199433e-02
2.150636039169030733e-02
-3.083340890541398389e-03
5.347999241418547461e-02
5.347999241418547461e-02
7.972053027588677648e-03
3.221637588848887818e-02
5.130513051305130891e-03
1.251350378105869562e-02
3.679210134128167026e-02
2.150636039169030733e-02
3.109716711266955966e-02
3.221637588848887818e-02
-3.083340890541398389e-03
4.999527454871940252e-02
5.130513051305130891e-03
4.477471545480199433e-02
1.251350378105869562e-02
4.999527454871940252e-02
9.560229445506692250e-03
3.282194328219432966e-02
3.109716711266955966e-02
-3.083340890541398389e-03
5.347999241418547461e-02
3.221637588848887818e-02
1.215121512151215097e-02
3.679210134128167026e-02
3.120960295475530902e-02
3.109716711266955966e-02
5.829936486870793133e-02
3.679210134128167026e-02
5.130513051305130891e-03
3.679210134128167026e-02
1.215121512151215097e-02
3.241199243720176582e-03
-4.557885141294439274e-04
4.477471545480199433e-02
4.477471545480199433e-02
2.017608217168011600e-02
3.241199243720176582e-03
-3.083340890541398389e-03
9.560229445506692250e-03
4.477471545480199433e-02
5.130513051305130891e-03
3.221637588848887818e-02
3.109716711266955966e-02
-3.083340890541398389e-03
5.829936486870793133e-02
3.120960295475530902e-02
1.251350378105869562e-02
5.829936486870793133e-02
3.221637588848887818e-02
3.241199243720176582e-03
5.130513051305130891e-03
2.150636039169030733e-02
7.972053027588677648e-03
3.221637588848887818e-02
-3.083340890541398389e-03
3.679210134128167026e-02
2.017608217168011600e-02
5.829936486870793133e-02
3.282194328219432966e-02
3.623925302764167272e-02
5.829936486870793133e-02
2.150636039169030733e-02
3.120960295475530902e-02
2.150636039169030733e-02
1.215121512151215097e-02
4.999527454871940252e-02
4.477471545480199433e-02
5.347999241418547461e-02
-4.557885141294439274e-04
5.829936486870793133e-02
5.130513051305130891e-03
4.477471545480199433e-02
-4.557885141294439274e-04
3.282194328219432966e-02
3.679210134128167026e-02
3.623925302764167272e-02
5.130513051305130891e-03
3.120960295475530902e-02
3.221637588848887818e-02
5.347999241418547461e-02
3.120960295475530902e-02
1.251350378105869562e-02
4.999527454871940252e-02
1.251350378105869562e-02
1.215121512151215097e-02
7.972053027588677648e-03
3.282194328219432966e-02
3.679210134128167026e-02
2.017608217168011600e-02
3.282194328219432966e-02
3.282194328219432966e-02
3.109716711266955966e-02
2.150636039169030733e-02
2.150636039169030733e-02
3.623925302764167272e-02
3.120960295475530902e-02
5.347999241418547461e-02
5.829936486870793133e-02
3.221637588848887818e-02
3.120960295475530902e-02
3.109716711266955966e-02
3.241199243720176582e-03
5.829936486870793133e-02
3.282194328219432966e-02
2.017608217168011600e-02
3.282194328219432966e-02
1.215121512151215097e-02
2.017608217168011600e-02
7.972053027588677648e-03
3.109716711266955966e-02
4.477471545480199433e-02
5.347999241418547461e-02
3.623925302764167272e-02
3.120960295475530902e-02
3.221637588848887818e-02
4.477471545480199433e-02
4.477471545480199433e-02
5.347999241418547461e-02
3.282194328219432966e-02
2.150636039169030733e-02
2.017608217168011600e-02
3.221637588848887818e-02
3.221637588848887818e-02
-4.557885141294439274e-04
3.109716711266955966e-02
-3.083340890541398389e-03
3.109716711266955966e-02
1.251350378105869562e-02
5.130513051305130891e-03
5.829936486870793133e-02
3.241199243720176582e-03
1.215121512151215097e-02
3.241199243720176582e-03
7.972053027588677648e-03
3.109716711266955966e-02
9.560229445506692250e-03
1.251350378105869562e-02
4.999527454871940252e-02
3.221637588848887818e-02
1.215121512151215097e-02
3.623925302764167272e-02
3.109716711266955966e-02
1.251350378105869562e-02
3.623925302764167272e-02
3.623925302764167272e-02
3.120960295475530902e-02
3.679210134128167026e-02
