1.147132169576059804e-02
9.611829944547134420e-04
1.531315770375208697e-02
3.303521070018532006e-03
-3.975835908963192000e-02
1.417681840849184353e-02
7.395292611818246598e-03
2.028169014084506977e-02
1.673908398034048076e-02
1.045519203413940341e-02
-5.300089578978799815e-03
1.366808143299043203e-02
-3.731633367021690208e-03
7.192519779429393072e-03
-1.831501831501831587e-02
5.636524679925920432e-04
7.961901927226728085e-03
5.596597268860532826e-03
-1.603867700099761984e-02
2.023540793292486276e-02
1.185009628203229125e-03
1.158271144278606897e-02
4.600430362840394853e-03
1.628168110362528120e-02
-3.365032918800292799e-03
6.453000645300064654e-03
2.459286066787300454e-02
1.566142191142191192e-02
4.431736954967834333e-03
-1.688247828224881050e-02
6.211634025138848200e-03
-2.940552767371173992e-02
3.920118343195266690e-03
1.624350625594497832e-02
1.411904584974362853e-03
-6.676387076970301433e-03
-1.402633834645055678e-03
1.914053772249944135e-02
5.862708719851577113e-03
1.237864077669902953e-02
8.120209455870075824e-03
3.891656288916562722e-04
9.007045834241301022e-03
-2.468766364928555532e-03
7.192519779429393072e-03
5.636524679925920432e-04
-3.975835908963192000e-02
1.983447488584474949e-02
8.051410843551484037e-03
6.012916635736025549e-03
9.702216583327114311e-04
1.624350625594497832e-02
4.431736954967834333e-03
6.382316313823163494e-03
3.711952487008166133e-04
3.013409673045050561e-03
-2.414518264662356747e-03
-2.193828351012536149e-02
-1.014539063748202616e-02
2.139589788992179217e-03
1.590760514273262261e-02
7.396092933515555599e-03
-6.747860434496379470e-03
1.359321058688147364e-02
6.159097655090530962e-03
-6.195188671655000624e-03
-1.630809279534492159e-02
-7.377895824110963265e-04
-1.061815787307597396e-02
2.830112395892293853e-03
1.117746133823304192e-02
-2.950087705310158043e-02
1.267674305216967383e-02
-2.549431447816324914e-02
-1.604748296328863469e-02
1.840791949603207134e-02
1.398388812889496922e-02
-2.257665137280605999e-03
2.139589788992179217e-03
1.579239742877549396e-02
6.453000645300064654e-03
5.392496725984130546e-03
-8.251759566378124092e-03
3.979073023358632374e-03
1.801670904467853399e-02
-3.110189573459715660e-03
3.649924621121955221e-03
1.427069250413099018e-02
8.782556026650515518e-03
1.423841059602649027e-02
9.702216583327114311e-04
-1.196581196581196667e-02
1.899095280788980211e-02
-4.860367410824614764e-03
1.743807040417209853e-02
3.432137285491419602e-03
3.920118343195266690e-03
1.117746133823304192e-02
1.148444168541941542e-02
5.133323827178098119e-03
1.398388812889496922e-02
-1.061815787307597396e-02
-1.335014462656678846e-03
1.020327453927074267e-02
3.101233109355386406e-03
3.133973254573796385e-02
1.481205805731298890e-02
4.461538461538461231e-03
-6.676387076970301433e-03
9.702216583327114311e-04
8.533747090768037348e-04
1.417681840849184353e-02
1.563883151372086333e-02
-2.414518264662356747e-03
3.256364712847838790e-03
9.920347574221577772e-03
1.073467834031214228e-02
4.620004620004620165e-03
4.256686209942976175e-03
1.391023048928427021e-02
9.495101733232855223e-03
-9.723604624454483189e-03
-1.373404427209565411e-03
1.515387006527820976e-02
7.961901927226728085e-03
2.378121284185493248e-03
1.331836887392442992e-02
-1.498787745206083336e-02
-2.414518264662356747e-03
-2.310400469414698385e-02
1.060098214981682052e-02
1.736299511665762366e-02
1.721812266920574527e-02
1.983447488584474949e-02
-1.449905756125851848e-03
1.561402139120930633e-03
-7.740447957839262025e-03
3.101233109355386406e-03
1.218626422403357341e-02
6.307339449541284754e-03
-3.731633367021690208e-03
8.533747090768037348e-04
-7.020280811232448891e-04
3.474098664402069069e-03
-6.401851137678364438e-03
-4.107788366743345132e-03
3.391239298478929132e-02
8.533747090768037348e-04
-1.295127084345151390e-03
-1.688247828224881050e-02
-6.747860434496379470e-03
-1.000692787314294563e-03
-4.350711599439569324e-03
-7.377895824110963265e-04
-3.110189573459715660e-03
-1.084511568123393277e-02
9.647319310453898386e-03
8.825578694743360653e-03
1.342177136168552429e-02
4.357953264708092599e-03
9.756455399061033165e-03
1.482799525504151922e-02
9.989074449820509530e-03
-2.728944464876792778e-02
-1.295127084345151390e-03
-1.647957965130164917e-02
-5.523142746013224268e-03
-1.600117439812096323e-02
-3.365032918800292799e-03
-2.433158862639694595e-02
8.774453394706558870e-03
4.256686209942976175e-03
5.272929818046788279e-03
8.894632811312148946e-03
1.376582278481012708e-02
-9.723604624454483189e-03
5.187875194545319736e-03
-2.950087705310158043e-02
-1.604748296328863469e-02
-3.793266951161688039e-03
1.149871804832569393e-02
9.119217081850533937e-03
3.133973254573796385e-02
-7.690601197959032881e-03
-2.216694710659155784e-02
7.506702412868633024e-03
-4.537509613367825267e-02
6.604418127989068917e-03
2.226840855106888405e-03
-6.876227897838899962e-03
9.951332897508534739e-03
2.226840855106888405e-03
-8.251759566378124092e-03
1.061105012806439797e-02
3.303521070018532006e-03
6.602373887240355760e-03
1.931908155186064929e-02
7.685931730841684927e-03
4.416498240886294023e-03
1.540988735919899925e-02
