1.012518409425626010e-03
-9.396729937981582257e-05
5.508124483613330031e-04
-2.849814762040467505e-04
1.795654516071108037e-04
5.647058823529411270e-04
-3.601656762110571112e-04
9.062896501721950904e-05
-4.681209624566987949e-04
3.677822728944464981e-04
3.821169277799006583e-03
-7.311277645768597590e-04
9.299730307821072589e-05
0.000000000000000000e+00
-9.289363678588016316e-05
-7.373951516268780013e-04
1.897893338394382120e-04
2.813203300825206123e-04
9.154155986818015515e-04
-3.655638822884298795e-04
-3.582624272279444615e-04
-2.029333087353565272e-03
-1.914791766395404385e-04
-2.003243346370313979e-03
-6.239971474416117041e-04
-3.742164842361306006e-04
1.880229387985334153e-04
3.753049352598986847e-04
2.194237740889143362e-03
9.167583425009167544e-05
-9.342301943198803686e-04
2.916274694261524088e-03
4.537616843633723493e-04
-1.812907904278462706e-04
-9.360666479453337184e-05
-9.157509157509157501e-05
-5.494505494505494501e-04
8.556759840273816826e-04
8.281192491718807102e-04
-6.571535861809988700e-04
9.164222873900293247e-05
-1.912960306073649018e-04
-2.722817208204756051e-04
9.996364958197018463e-04
8.553506937844516022e-04
-4.682963379226374534e-04
7.178750897343862429e-04
0.000000000000000000e+00
2.800336040324839229e-04
-5.455537370430986986e-04
0.000000000000000000e+00
9.095870474804439241e-05
6.621263715474839376e-04
0.000000000000000000e+00
-7.488533183562669747e-04
-8.102268635217861311e-04
1.759259259259259240e-03
-1.954033683818739899e-03
5.621135469364811751e-04
9.400263207369806775e-05
-1.194852941176470680e-03
0.000000000000000000e+00
9.390553103577800305e-05
-2.902757619738751587e-04
-9.157509157509157501e-05
-3.742865163282492946e-04
2.821405059719740683e-04
1.796460971885385696e-04
1.822655609222637463e-04
0.000000000000000000e+00
1.827986472900100512e-04
-5.486466715435259385e-04
1.913143294432753042e-04
-3.783221413033197944e-04
3.620564808110064920e-04
-5.458018739197671200e-04
-9.459842966606754101e-05
-6.654624964350223416e-04
-4.572055596196049668e-04
-9.165062780680047487e-05
9.197093718384990102e-04
-1.884836490434454851e-04
-1.829826166514181241e-04
-6.586375611592021166e-04
-8.450704225352113127e-04
9.263547938860583475e-05
9.524716639679969116e-05
7.654037504783773628e-04
1.853224610822831655e-04
-1.748895434462444847e-03
7.249660172179429570e-04
-2.793556197038830555e-04
-3.717472118959107741e-04
9.528346831824677969e-04
3.668042182485098477e-04
-9.327488107452662589e-05
1.857527630723506881e-04
9.279020135473694511e-05
4.704996706502305361e-04
-1.839249586168843005e-04
1.895016107636914807e-04
9.518370454978107879e-05
9.231053263177328369e-05
1.877229209686502760e-04
9.472387989012029906e-05
-6.397367940047523705e-04
-1.406206056060748180e-03
-9.456264775413711951e-05
-9.364172675344132864e-05
-6.691520887104482817e-04
-1.861850679575498052e-04
5.739978953410504589e-04
8.243267997801794833e-04
2.806098587597044298e-04
-2.834199338686821238e-04
0.000000000000000000e+00
9.977324263038549364e-04
3.693785206390248527e-04
1.291274672569636510e-03
5.505092210294522522e-04
1.101928374655647283e-03
6.645149041199923615e-04
-1.603924898575337247e-03
9.358038555118847754e-05
-9.154994049253867977e-05
-4.718761796904492401e-04
9.511128019783146733e-05
1.387604070305272852e-03
9.222539887485013352e-05
0.000000000000000000e+00
-5.646527385657820058e-04
5.512172714745061826e-04
2.756592851235872680e-04
-9.194556822361162453e-04
-1.039304610733182135e-03
9.165062780680047487e-05
5.405405405405405489e-04
-6.666031806494619565e-04
-1.899154876080144314e-04
-4.302847203149317949e-03
9.894755779436899441e-04
-3.061132619069055396e-03
9.112447603426280704e-05
-9.408222786715589314e-04
-5.496518871381458893e-04
-3.782148260211800391e-04
-4.715646515137225290e-04
-9.059612248595759953e-05
-2.711864406779661198e-03
9.361542782250515543e-05
2.923976608187134341e-03
1.709726443768996981e-03
0.000000000000000000e+00
1.799856011519078403e-04
4.775093114315728977e-04
0.000000000000000000e+00
2.300966405890473784e-03
-5.535566011624688419e-04
-9.162543522081730268e-05
3.592599245554158527e-04
-7.232619112196004250e-04
-8.275862068965517040e-04
-9.402914903620121717e-05
1.515438530024625780e-03
8.244778307072187255e-04
8.964589870013447374e-04
-5.700712589073634413e-04
0.000000000000000000e+00
9.194556822361162453e-05
-9.371192952862899238e-05
-2.359158252335566593e-03
0.000000000000000000e+00
2.769571639586410820e-04
8.308714918759231918e-04
1.523809523809523852e-03
0.000000000000000000e+00
2.810041213937804531e-04
9.278159213212098274e-05
2.031957144176595609e-03
0.000000000000000000e+00
-1.886614470332987400e-04
0.000000000000000000e+00
1.873185351690549705e-04
-9.166743056192135021e-05
-2.337978116524829387e-03
-4.601509295048776256e-04
3.611738148984198538e-04
3.746019853905225563e-04
-8.402576790215665831e-04
-5.483959418700301265e-04
-5.383580080753700824e-04
9.487666034155597635e-05
-3.661997619701547191e-04
-9.131586156515387152e-05
-2.837416059774898187e-04
-1.719361925685356689e-03
6.382784717789732453e-04
1.785236097473890933e-04
-1.032282282282282219e-03
-2.764801220326055901e-03
