-8.920945240580810051e-03
-4.532901628416341477e-02
-2.024439175633777066e-02
1.572930955647005094e-02
-9.688934217236103846e-03
-9.234111895708854018e-03
-2.587126600284495037e-02
-3.655757133740541315e-02
-4.341331341611427697e-02
-2.719722551793373952e-02
5.001415494951401419e-03
-2.765355480514739353e-02
2.942846328538985604e-02
-9.688934217236103846e-03
-3.877642825011246019e-02
1.250816764678428124e-02
5.907479778242297197e-03
2.541654899745834657e-03
-5.986953802162452154e-02
-1.060662448827688793e-02
-3.121442125237191764e-02
2.717697949971788554e-02
7.558838687510736724e-03
-2.112738570794496160e-02
-2.031728360701363922e-02
-4.083656359866582458e-02
-9.677713868346570977e-03
1.045704498332281594e-02
3.621636719113676545e-02
3.178820080615610277e-02
1.904580516141319798e-04
-1.688468318025791032e-02
7.121608221400883496e-03
-3.310104529616724606e-02
-2.719722551793373952e-02
-2.719722551793373952e-02
-5.033864177192018743e-03
-2.775495298091847085e-02
-4.535309347379698486e-02
-3.310104529616724606e-02
2.938981153200223920e-02
5.907479778242297197e-03
2.134380602749082374e-03
-1.279863481228668901e-02
-5.651392632524707832e-02
-3.352158863180907528e-02
-4.584579142883030145e-02
6.765009865639387207e-03
5.664263645726055202e-03
-2.986441920117259216e-02
3.407155025553662564e-02
3.800561035200434191e-03
-4.784688995215310818e-03
-2.212666845829974055e-02
-3.658329079462310524e-03
-2.580037664783427567e-02
-5.033864177192018743e-03
3.294680655254923762e-02
-3.846514682427995286e-03
5.664263645726055202e-03
5.041873184071099176e-03
-4.784688995215310818e-03
3.948939296537790251e-03
6.765009865639387207e-03
5.596244131455398868e-02
5.607831955137343970e-03
-1.070700203942896028e-02
-1.153353267834258782e-02
-1.788941091434766845e-02
1.322180248246087458e-02
5.887764489420422784e-03
3.594060342381538015e-02
-6.987048398091342920e-03
-2.788279773156899718e-02
-4.519089256341442262e-02
-3.644979041370512065e-03
1.647058823529411881e-02
4.805512739142260917e-03
3.948939296537790251e-03
-2.344864479315263844e-02
3.152597094293039387e-02
-1.449275362318840597e-02
-4.706186010496429817e-02
-1.919912232583653386e-02
-1.752423564504101278e-02
-1.295196977873718305e-02
5.041873184071099176e-03
-2.931248889678450889e-02
-2.661666514222994773e-02
-5.986953802162452154e-02
1.647058823529411881e-02
-3.403386369437590327e-03
3.291492329149232898e-02
1.045704498332281594e-02
-1.669724770642201997e-02
-2.135474502434440893e-03
-3.699693196173976101e-02
2.642929246581628144e-02
4.773493073755148003e-03
-9.400595681310498775e-03
-3.409393589629761134e-02
1.275742664479679288e-02
-1.241225817497003912e-02
-3.183096037000091028e-02
-1.126209977661950939e-02
-1.906707524685052890e-02
1.919173279202805033e-02
5.607831955137343970e-03
6.246605105920695518e-03
-7.515265382808830564e-04
-2.112738570794496160e-02
4.013065795613626058e-02
2.037750023476382621e-02
3.178820080615610277e-02
-3.699693196173976101e-02
2.942846328538985604e-02
-4.285968344300195715e-02
-4.826572095839460480e-02
-1.628576570091776199e-02
-2.112738570794496160e-02
-3.086131113812774513e-03
-2.719722551793373952e-02
4.686304514154552778e-03
-6.987048398091342920e-03
-1.241225817497003912e-02
2.937677313077697444e-02
-6.136145733461169371e-02
2.037750023476382621e-02
-4.535309347379698486e-02
-3.924221921515561734e-02
1.877229209686502760e-03
7.383867651182353387e-03
-2.024439175633777066e-02
-3.352158863180907528e-02
-3.924221921515561734e-02
4.686304514154552778e-03
1.715420729505236566e-02
3.294680655254923762e-02
-2.353813362987675073e-02
-1.070700203942896028e-02
-5.017715215934118872e-02
-3.121442125237191764e-02
1.904580516141319798e-04
-2.396671791625214903e-02
-2.909522072236410059e-02
-3.964718460441910008e-02
2.938981153200223920e-02
-3.691844038425315389e-02
-5.150909264019803979e-02
-1.254480286738351297e-02
-3.283937065495792090e-02
-2.060843964671246406e-02
-2.580037664783427567e-02
-5.150909264019803979e-02
-2.938043671223149189e-02
-9.688934217236103846e-03
-3.658329079462310524e-03
-1.635049683830171532e-02
-1.635049683830171532e-02
2.541654899745834657e-03
-2.587126600284495037e-02
1.864692653673163253e-02
1.045704498332281594e-02
-2.450845907636031024e-02
-2.661666514222994773e-02
-8.920945240580810051e-03
-1.480669043049081396e-02
-3.748351855339988881e-02
3.291492329149232898e-02
-1.295196977873718305e-02
2.566295979469632258e-03
-9.688934217236103846e-03
-4.535309347379698486e-02
-1.906707524685052890e-02
-1.668395573997233719e-02
-8.825293462428241212e-03
-2.765355480514739353e-02
2.717697949971788554e-02
2.347417840375586734e-02
5.252772035331704226e-02
-1.713942925700574066e-04
-1.366937206322084561e-03
-4.382949467170849100e-02
-1.241225817497003912e-02
-1.876119543697558206e-02
-6.987048398091342920e-03
1.859314892837516178e-02
5.001415494951401419e-03
-5.651392632524707832e-02
-1.853224610822831742e-02
-1.906707524685052890e-02
-4.494382022471909988e-02
-4.446366782006920537e-02
2.566295979469632258e-03
3.291492329149232898e-02
-1.917709552534437728e-02
-1.876119543697558206e-02
-4.108485499462943141e-02
2.642929246581628144e-02
-1.153353267834258782e-02
