6.145544480251817661e-03
3.213320674797341681e-03
-9.735320961362944545e-03
1.713476868062281146e-03
2.300172512938470411e-03
4.139199754714088623e-03
8.166901774445021415e-04
-8.308265291505514613e-03
-2.730669732681805222e-03
-7.113973341320952402e-03
2.268237360064388666e-03
1.241873036744831679e-03
-1.917828428118315215e-03
1.462950771706532035e-04
-1.619194818576580449e-03
8.192448052431667476e-04
-8.115685406522059808e-04
3.534588472913510835e-03
-8.995388918285584720e-03
1.048846269103985603e-03
-8.128868670296069548e-03
-1.707244655581947792e-03
-1.974183750949126681e-03
-3.659586681974741698e-03
4.451368795904740803e-04
3.787591849102340939e-04
-3.037095957769903824e-03
-5.316437258757555559e-03
1.913593876499595234e-03
-4.778788345922614297e-03
1.640077530937826241e-03
-1.018848700967906265e-03
4.143345206076906075e-03
1.439366678661388888e-03
6.377551020408162756e-04
1.022420214708245120e-03
1.687206572769953117e-03
-3.445242633045008177e-03
8.290624057883629657e-04
-2.880806625855239565e-04
1.347517730496453807e-03
-4.768497154283956284e-03
2.730022873164613013e-03
-3.912421939658415442e-03
2.975055305515294807e-03
3.116189345600237342e-03
1.571150680831961662e-03
-3.019368141983946006e-03
1.347507111843090303e-03
4.306014066312616358e-03
-6.117098747451209066e-03
-2.151198524892440275e-03
1.091544171154126093e-03
2.541002541002541047e-03
-4.764740917212626978e-03
-2.422907488986783976e-03
-1.329885482083487331e-03
4.052836985890122777e-03
5.971769815418023937e-03
-1.217503401847740401e-03
4.406273338312173028e-03
-8.581849388543230693e-04
2.727004716981131904e-03
-7.346998751010212769e-04
-1.917969902626143371e-03
-1.937840053663262988e-03
5.983889528193325931e-03
2.175870348139255592e-03
2.324736650926262100e-03
-2.367458210775521838e-03
5.380063023595419705e-04
2.300172512938470411e-03
-1.251195996172812294e-03
-8.477096966091612895e-03
2.697841726618705176e-03
6.459484676666905597e-04
5.359439759897098934e-03
1.584215453301648967e-03
-5.016842256145631271e-04
-6.125105275246918186e-04
3.733014782738539885e-04
-5.111772335393301343e-03
3.934029353911332877e-03
2.883714223920409345e-04
-1.041822815170139437e-02
0.000000000000000000e+00
1.783675799086757892e-03
1.672727272727272778e-03
4.339043914116855021e-03
2.872911468964995871e-03
6.721935917544252662e-04
-3.641395382710654470e-04
3.220496672153438586e-03
1.912777352716143889e-03
0.000000000000000000e+00
-5.554287453397245729e-03
4.485645933014354163e-04
9.239297813366183915e-03
2.278553118769581411e-03
1.314732305894383271e-03
1.036039369496040852e-03
-3.717748531489330189e-04
-4.275672150155808253e-03
2.287511616269926468e-03
1.487320591953595499e-04
-9.067553271875472120e-04
-2.469135802469135752e-03
3.743355543909560480e-03
1.491053677932405522e-03
-3.099402258135930833e-03
3.693034936110495530e-03
1.087035292412493609e-03
4.215791354055019660e-03
-2.983071071668282428e-04
-1.166861143523920553e-03
-1.616933705718065451e-03
2.879291251384274476e-03
-8.485962803196379087e-04
1.281686129307889463e-03
-8.876396183149640792e-04
-2.177259731691225109e-02
1.417066749264364253e-02
2.635139947297201069e-03
2.218278615794143827e-04
2.992891881780770707e-04
-1.708512850987966214e-03
2.657473245708539926e-03
2.415989457500549061e-03
0.000000000000000000e+00
1.404598210985436545e-03
-3.605942593393913218e-04
-2.164825320991340708e-03
-7.462129691814044057e-05
-6.608899985313555899e-04
-1.301385592895965698e-02
1.461347362268011155e-03
-2.173440556400782226e-03
6.214557601180765870e-04
-5.167378117277016472e-03
-8.988764044943821016e-03
-6.710908955335172753e-03
4.769475357710651481e-03
-6.966813993557570070e-03
-6.835112510559865177e-03
2.528069001412744463e-03
7.364736765349278076e-03
7.433519809947122803e-03
1.037575038909063904e-03
2.122691572914455578e-04
1.045322183230045507e-03
2.844950213371266138e-03
3.895422878118210905e-03
-1.589704769114307342e-03
-6.516072980017376635e-04
6.938683158609246573e-03
-2.532561505065122984e-03
5.673541363183316581e-03
-1.488870691580436141e-03
5.986679637805882069e-04
-1.110781990521326991e-03
-2.186039499472335317e-03
1.845699520118124692e-03
1.718983557548579887e-03
3.015592821418064309e-03
8.873114463176575307e-04
3.705384150030248142e-03
1.190564774164744322e-03
-3.389830508474576173e-03
-1.207063557111988719e-02
-7.623594640381949755e-03
1.781208252931572008e-03
-1.001045868818168164e-02
-1.064509261230572705e-03
8.636200071968333546e-04
3.199301970479168263e-03
5.691303687964790158e-03
-1.030548398969451497e-03
-7.155635062611806615e-04
6.161707243763150064e-03
-2.141633352370074083e-03
0.000000000000000000e+00
-5.946187007581387905e-04
1.316270566727605193e-03
2.873563218390804558e-03
5.478867226412408899e-03
-7.812500000000000000e-03
2.880391733275725345e-04
-1.472525769200961092e-03
1.118484825889195459e-03
1.647918607150533794e-03
1.815804764671702549e-03
-5.809011051289316753e-03
-7.774401017739769517e-04
4.493035794518496391e-03
-8.760402978537012520e-04
7.414547341884778148e-04
-1.280303030303030221e-02
1.437194596148318572e-03
1.344688480502016998e-03
-5.147815855272834355e-03
