-7.875335120643431677e-03
-4.311802502536354539e-03
3.685608982600497002e-03
2.583756782361553567e-03
-4.151444702756559228e-04
-8.364001338240213647e-04
3.697478991596638703e-03
-5.677847658979734251e-03
-4.312203536006899694e-04
6.666111157403550218e-04
-7.535795026375282681e-04
-5.108225108225108654e-03
-1.986526170323026259e-03
-4.476825842696628872e-03
4.785492401981361957e-03
1.409501699693226171e-03
-1.263583522870861823e-03
5.961877571584515804e-03
2.912298219337660244e-03
-9.262377905018524555e-04
5.582753585845572769e-03
1.111966469934137433e-03
9.863106878666779917e-03
-4.312203536006899694e-04
3.123915307185005409e-03
3.487358326068003733e-04
-3.453038674033149028e-04
-3.333888981496916097e-04
-2.492315360970341447e-03
8.430992327796981182e-04
-1.327360212377634010e-03
-8.715356458079134903e-05
-4.917754790571477082e-03
2.050230650948231623e-03
-5.622622788159417802e-03
-7.582701441546537899e-03
3.966201069149853306e-03
-2.096084514127609637e-03
3.341966747430862895e-03
2.740664611168208351e-03
1.278118609406952988e-02
-1.510574018126888216e-03
4.284857314251435192e-03
1.005530417295123075e-03
8.331944675887351928e-04
-5.650186954715413247e-03
2.090956612650287424e-03
-3.988120492151039052e-03
-3.181780122247341528e-03
-1.256807708420611645e-03
6.925207756232686996e-04
-1.156546881453944606e-03
2.227553118574366210e-03
1.422356091030789731e-03
-2.924220904002005142e-03
-9.320129816093867745e-03
9.436390151840095631e-04
4.387096774193548730e-03
6.646174295920910090e-04
1.001669449081802948e-03
-1.735106998264892989e-03
1.161440185830429732e-03
6.015296038497894814e-03
5.590436054012212948e-03
-4.350474201687984030e-03
1.678697330871243860e-04
2.116491703352522784e-03
5.353501019714480141e-03
-7.450947926152827255e-04
5.783253708825748449e-03
-5.110297248956647588e-03
1.763668430335096904e-03
-2.556672916311573235e-04
-4.963600264725347199e-04
3.763485824203395644e-03
3.344194820785456948e-03
3.426711213912447471e-03
4.677666269773770626e-03
8.285588364918466953e-03
-7.660526768807023219e-03
6.973740852346104260e-03
1.811281697429705006e-03
-2.710027100271002708e-03
8.326394671107411000e-05
4.109359275410936173e-03
-7.737941707505802992e-04
-9.090909090909090901e-04
1.578393546124166923e-03
4.677666269773770626e-03
-2.137117455975380293e-03
7.704160246533128158e-04
1.801236669952504740e-02
2.004531985358201217e-03
-8.632596685082872569e-04
-1.294442526751812123e-03
3.378949146815340607e-04
8.105281506013596246e-03
-5.677847658979734251e-03
-7.451564828614008935e-04
-5.455308434746118304e-03
4.199160167966406801e-03
-1.685061926025781351e-04
3.336670003336670155e-04
8.634832915983076064e-05
1.847963040739185239e-03
-1.089918256130790152e-02
8.331944675887351928e-04
-5.010438413361169383e-04
4.250000000000000305e-03
-3.359889158295809031e-02
1.539382536560335172e-03
-1.157216068771697729e-03
1.501376261573108672e-03
9.074105192404638073e-03
-6.616491605326275602e-03
3.286424538636555093e-03
1.003963011889035667e-02
1.492406285664120771e-03
1.838081711086974766e-03
5.557967867998263138e-03
-2.248313764676492747e-03
-4.318535152876144443e-04
9.188873110015871809e-04
3.381805884342238642e-04
-2.495217499792065034e-04
7.023933402705515201e-03
-6.918937387887588372e-03
-1.447670952908115555e-03
3.758770464416973014e-03
9.121061359867330348e-04
1.078122408359595205e-03
7.165952984357249096e-03
-1.464507236388697554e-03
4.021562419782664585e-03
-1.893776362227769707e-03
-3.404750041521342144e-03
-1.908396946564885422e-03
-1.792879706309229030e-03
-1.302875010857291842e-03
-9.920634920634920084e-04
-1.792879706309229030e-03
4.479283314669652884e-03
-1.580435867576110388e-03
2.572236988767898601e-03
1.919545985645134453e-03
-3.344201989800183752e-04
-2.394122017666969280e-03
-3.083511777301927402e-03
7.268424611223799764e-03
-3.435850163412385895e-03
-5.174315039443548765e-03
1.428091397849462398e-03
3.763485824203395644e-03
6.914433880726015332e-04
-3.121477499349692344e-03
-2.004473503097040435e-02
2.348796241926012860e-03
-2.164682374490050753e-03
4.168056018672891203e-03
6.628552489850029258e-04
-1.831654316876196774e-03
-3.435850163412385895e-03
6.637539909258948108e-03
8.509189925119128124e-05
-2.563226247436773807e-04
-4.986702127659574076e-04
-1.420430381900144624e-02
4.975963565826094226e-03
1.266701370813812233e-02
-8.596973865199449352e-04
-2.151071399023744661e-03
-8.482483671218933379e-05
-5.827991008242444301e-03
-1.664308895731047688e-03
4.757373929590865726e-03
-3.977994075327973347e-03
1.657275439177991437e-03
3.138518958351005188e-03
-2.562569402921329332e-03
1.079375622716705497e-03
4.998750312421894933e-04
-2.466825450833616713e-03
-1.227935533384497298e-02
4.424409383087068819e-03
1.427851503443641756e-03
4.469933372691236965e-03
1.369159678247475545e-03
4.287796929937397888e-03
6.628003314001657291e-04
-1.585976627712854794e-03
-1.281065846784524729e-03
-5.944293478260869942e-04
2.418797512093987748e-03
1.166354503660820691e-02
5.431449846692948044e-03
-6.117247238742565783e-03
4.302185510239201621e-03
2.418278852568379010e-03
1.259234385493619799e-03
3.161660703885514710e-03
