8.961376467425397063e-04
-3.703360799925933052e-04
-5.501650495148544852e-03
-5.547850208044382723e-04
-6.268469597922450521e-04
-2.749266862170088245e-04
-5.596642014791125552e-03
-1.323251417769376282e-03
9.324233394213208431e-03
-4.840271055179090186e-04
1.297664204432022331e-03
1.414560543191248528e-03
9.251549634563789939e-04
3.523085481179306488e-03
8.793356130923302367e-04
2.140286020040859955e-03
1.715612069835503089e-03
-2.690341673392520738e-04
2.692756485055201442e-04
7.205908845253107542e-04
1.892147587511825921e-04
8.050719533058267249e-03
-8.973080757726819472e-04
6.462649686371411961e-03
5.487470276202670045e-04
-1.408582965536670168e-03
8.430913348946135824e-04
-1.896453631708704699e-04
-9.001710324961742201e-05
3.706167442744464583e-03
1.633542063708140523e-03
1.011429149388085339e-03
2.908788697278205052e-03
-1.108647450110864744e-03
-1.083423618634886182e-03
-2.814522938361947572e-04
2.788622420524261179e-04
2.966533790673959396e-03
-1.845358922310389371e-03
-3.576218149307107733e-04
-2.044039765864535951e-03
9.024456276509340309e-04
8.903133903133903307e-04
-1.008572869389813510e-03
6.363057903826924416e-04
1.974055273547659518e-03
7.330706496838632936e-04
-9.416195856873822852e-05
1.940312297884135570e-03
1.113698491444770717e-03
8.060904612628750927e-04
3.206639630293313045e-03
-2.017145738779627020e-03
1.801314959920742218e-04
-9.292816652727442105e-05
9.281603861147206310e-04
1.312203492480064609e-03
2.250140633789611804e-03
-3.934895367554999343e-03
-3.601981089599279361e-04
-3.843197540353573971e-03
-9.091735612328393813e-04
-3.989229081480003903e-04
-2.700457000415454854e-03
-1.071681326458396449e-02
-2.743735138101335022e-04
-5.409304002884962647e-04
-1.822489520685256141e-04
-3.257650542941757047e-03
8.894423196655697303e-05
4.846370068818455184e-04
-5.374899220639612523e-04
2.148857198671615728e-03
5.373455131649651105e-04
-1.621566838958143257e-03
-7.339449541284403643e-04
1.727272727272727250e-03
-1.539250897896357129e-03
1.066408143480368454e-03
-6.211731298251841693e-04
-2.717637467161880755e-04
8.952551477170993689e-04
5.390351271224507954e-04
-1.464700712821013573e-03
-1.832208293153326801e-03
-2.771618625277161860e-04
-1.847575057736720687e-04
2.600430416068866355e-03
0.000000000000000000e+00
3.693785206390248527e-04
-1.223299143690599524e-03
-7.151157593635469774e-04
8.673862760215882281e-04
-1.256168685509196931e-03
-5.659309564233163834e-04
9.562972171750979962e-05
2.684804009307320593e-04
4.183202831706532218e-03
-2.538566686194102754e-03
5.649717514124293983e-04
2.248664855242200021e-03
-4.628201172477630458e-03
1.794043774668102012e-04
-3.564203833927367428e-03
2.964325871409588010e-03
-8.971023593792052048e-05
8.244778307072187255e-04
-1.554454483629651119e-03
-1.439237204281730749e-03
1.876700760063807925e-04
1.940428834772484762e-03
2.344031734583483777e-03
5.084899664033415423e-03
-6.254467476769121244e-04
2.915735251239187360e-04
1.075172475584624957e-03
8.388479821045763613e-04
-4.804270462633451755e-03
-3.788955195604811962e-04
1.244376375993108122e-03
3.911980440097799689e-04
-1.629445030192657818e-03
2.861230329041488047e-04
8.121827411167512447e-04
2.420819043776477504e-03
-4.678944748631159653e-03
2.751283932501834197e-04
-1.330612969041071675e-03
-6.702038536721586018e-03
-9.149967975112086895e-05
3.600684129984696880e-04
-2.128414331323164130e-03
8.900756564307965926e-04
-3.503098895176502432e-03
-7.161400053710500514e-04
2.728641324802408893e-03
5.273069679849340906e-03
4.549590536851683500e-04
3.474504648323786370e-03
-1.533889368229316482e-03
-1.129411764705882254e-03
4.965148477036188286e-03
2.053388090349076052e-03
5.138086062941553921e-03
2.730582524271844749e-03
-3.943661971830985692e-03
9.089256498818396024e-05
3.677893921796360818e-03
1.115967636938528873e-03
4.414803682134134898e-03
-2.513464991023339323e-03
-2.918745880802184160e-03
-8.175129439549459493e-04
2.729505959421344580e-03
7.176175098672408050e-04
6.260729071998384285e-03
2.713949701465532584e-04
7.506803040255231700e-04
1.885547280098048492e-04
1.202812731310140635e-03
-5.873140172278778917e-04
-6.471295183507442487e-04
1.369997064292005065e-03
-8.934953538241600848e-04
5.649185575746163345e-04
-2.684804009307320593e-04
-8.973975471133711825e-04
4.183202831706532218e-03
4.469473496022168609e-04
-2.932551319648093839e-04
4.581691560524145585e-04
3.099273607748183855e-03
-2.845220030349013751e-04
4.643181588775613031e-03
2.431994235272923795e-03
-9.242144177449167816e-05
2.911813643926788701e-03
5.397727272727272790e-03
-5.463983243784719139e-04
-1.801477211313276885e-03
4.454342984409799685e-04
1.414427157001414475e-03
3.469685902118334591e-03
-7.286478509500092168e-03
1.031024463398631493e-03
1.609010458567980591e-03
-9.665571235260003507e-04
3.247355724624234694e-03
1.381851681252878892e-03
-7.741436036384749574e-04
-4.664269750267223749e-03
-8.711644564901752054e-04
-1.519213583556747139e-03
-4.658245991220997737e-03
-9.099181073703367000e-04
-1.805869074492099269e-04
-2.007665632414674071e-03
8.105917319643339168e-04
-9.196247930844215026e-05
5.973492626470039424e-03
