-2.914814544924578931e-04
1.984126984126984017e-03
2.156935663815544649e-03
1.458682809423091043e-03
1.159672392549104813e-03
-5.755500509981057583e-03
1.773596545342381176e-03
-3.765227021040974415e-03
2.568557830324091559e-03
-4.857584455729741998e-03
1.628423390081421094e-03
4.369356248179434923e-03
6.441223832528180336e-03
-2.169197396963123547e-04
6.593735950846695525e-03
2.999175226812626598e-04
2.449920737858480874e-03
3.085467448318420197e-04
2.514606907773093633e-03
-2.982181465742190455e-03
-2.504235103483833103e-03
2.170333782367909158e-03
1.024215377862316284e-03
-2.233174187586631654e-03
-3.846991362415620209e-03
1.509813789632611942e-03
7.976794778825235148e-04
6.249058876675199492e-03
0.000000000000000000e+00
-4.480159294552694786e-03
-1.869019138755980856e-03
1.447701773434672450e-03
-7.874015748031495954e-03
1.540832049306625632e-03
-3.774954627949183173e-03
-8.310040039283825633e-04
-9.883676727742720346e-04
5.835156819839533047e-04
-2.049469964664311049e-03
1.737685101239045023e-03
-7.482789583956899653e-05
2.361275088547815700e-03
1.346801346801346872e-03
8.265704839194469361e-04
6.731991921609694045e-04
-5.071071840184402865e-03
1.949463897428207288e-03
2.627737226277372055e-03
-2.130786186627479928e-03
-3.588516746411483330e-03
6.709408081109288378e-04
1.833320601940264388e-03
-9.858193675589595889e-04
1.363375430539609610e-03
-2.075457712549106694e-03
1.272645605629585310e-03
4.111779486789004373e-03
2.653090491897318326e-03
5.208720886970756407e-04
2.619324796274738118e-03
2.471354751741181716e-03
-6.895494943303708208e-04
-3.353502952540643109e-03
1.052789893217025022e-03
-5.834731237692363306e-04
6.490035886080781566e-03
2.973314502341485371e-04
-4.376367614879650056e-04
3.620826996886088709e-04
-1.744439598778892327e-03
3.403625601183869580e-03
-6.142034548944337678e-04
6.008114856429463101e-03
-4.987350921575713948e-03
5.193263595222197965e-04
2.973977695167286301e-04
-2.604355060406568674e-03
2.924195846142310824e-03
7.439922624804702080e-05
5.105762217359591281e-04
1.466383165921255228e-04
3.137840866641763374e-03
1.172934535591232215e-03
1.209792200398519726e-03
-2.897291032884253019e-04
9.965272535104936769e-03
2.591440841107655723e-03
1.332938388625592519e-03
3.057881325081907714e-03
-1.307094619127151204e-03
-1.490535102101654414e-04
1.052789893217025022e-03
1.311188811188811242e-03
-3.068896731624980970e-04
4.053858404517156344e-03
3.650700934579439116e-04
5.938683097023234655e-04
3.074794373126297272e-03
1.042364678728315138e-03
-8.509979885502088519e-04
7.134703196347031567e-04
3.415300546448087320e-03
2.515632861352691714e-03
3.813009990086174195e-04
-1.701283050967604751e-03
5.035246727089627387e-04
1.125788051636145409e-03
1.619313999705579215e-03
8.269433167944669752e-04
5.743413023189030070e-04
-4.116712407915643773e-03
2.955082742316784798e-04
2.249473913358972319e-03
1.282690800256538078e-03
-7.679311933650745121e-04
1.321106621075536112e-03
-3.682156270712129160e-03
-4.850746268656716195e-03
3.223388305847076606e-03
-1.211445559271646238e-02
-3.270956945078350858e-03
-8.217540714178993245e-04
-3.275027912169705888e-03
6.649427410417436653e-04
2.894565453361313970e-04
-1.119232526267702199e-02
5.542240862792090737e-03
-1.198047626090814957e-02
-7.070030512763265593e-03
8.895478131949592594e-04
-8.709481975159041878e-03
-1.338289962825278808e-03
4.474940334128878487e-04
-7.387099230827811995e-03
2.119573161818447560e-03
2.076763325898007932e-03
-1.441649246738268631e-03
1.833920187793427244e-03
7.420048972323217435e-04
4.068348250610252445e-03
1.306715063520871248e-03
-1.211445559271646238e-02
-4.384638645297853077e-03
-2.694271128757799380e-03
1.165416272124699575e-03
8.224299065420561132e-04
1.791579575992833682e-03
-1.117401668653158521e-03
4.517051870812316362e-04
5.155398438650758784e-04
1.102535832414553493e-03
9.676939109721601666e-04
-2.370519359241433661e-03
7.272727272727272829e-05
1.817080557238037611e-03
1.388178563600496896e-03
-3.580486349395793026e-03
-2.879147772259411128e-04
7.362143856290951803e-05
-2.982181465742190455e-03
-7.101264024996448848e-04
8.925223130578264705e-03
6.556421650761273638e-04
-3.252994233328404712e-03
6.355775626339516850e-03
8.896797153024910577e-04
1.113503080691856688e-03
4.784688995215310818e-03
-1.710545887252714605e-03
2.125237191650853914e-03
2.546010038553866289e-03
-2.868000286800028494e-04
-1.209829867674858117e-03
-7.281741420714230376e-03
7.449344457687723112e-05
1.731102135025966524e-03
8.629368617862792938e-04
7.245851749873198026e-05
8.937216057198182602e-04
-4.437541601952518463e-04
-6.028181749679753032e-04
-1.397624039133473026e-03
-9.675498660315569625e-04
-6.800664953906604632e-04
6.818698386241382184e-04
5.058771016217824927e-03
9.353190877041513357e-04
2.215984635839858303e-04
2.199736031676198978e-04
1.043685701505889327e-03
-8.928571428571428293e-04
3.751219146222522453e-03
-5.879326817079444292e-04
-3.079856273373909187e-03
2.229093262385848859e-03
-5.782060785767234590e-03
-7.789816585227675536e-04
7.179781734635267212e-04
-4.474595842956120319e-03
1.165331391114348076e-03
