6.100008026326350467e-03
2.443438914027149314e-02
7.594732164498667164e-03
2.524645347439288118e-02
2.392383432337863089e-02
6.211180124223602064e-03
1.992225461613216647e-02
3.755829447035309576e-02
2.524645347439288118e-02
3.223939819790030276e-02
1.703163017031630172e-03
3.452022734871280224e-02
2.726290416424237417e-02
1.060070671378091946e-02
2.726290416424237417e-02
1.565728818947702966e-02
6.211180124223602064e-03
2.524645347439288118e-02
2.356821106821106737e-02
1.060070671378091946e-02
1.992225461613216647e-02
3.755829447035309576e-02
1.992225461613216647e-02
3.223939819790030276e-02
1.977630085913438182e-02
3.755829447035309576e-02
1.565728818947702966e-02
2.356821106821106737e-02
1.060070671378091946e-02
1.984546563643757588e-02
2.356821106821106737e-02
2.392383432337863089e-02
3.755829447035309576e-02
2.524645347439288118e-02
2.201382818087896376e-02
1.977630085913438182e-02
2.726290416424237417e-02
2.443438914027149314e-02
1.836718181082611784e-02
3.452022734871280224e-02
6.211180124223602064e-03
2.392383432337863089e-02
1.703163017031630172e-03
1.836718181082611784e-02
6.211180124223602064e-03
2.514173034261769912e-02
2.356821106821106737e-02
7.594732164498667164e-03
2.077151335311572602e-02
3.452022734871280224e-02
1.565728818947702966e-02
2.726290416424237417e-02
1.992225461613216647e-02
2.514173034261769912e-02
2.077151335311572602e-02
6.100008026326350467e-03
6.100008026326350467e-03
6.211180124223602064e-03
2.392383432337863089e-02
1.977630085913438182e-02
1.992225461613216647e-02
2.443438914027149314e-02
1.836718181082611784e-02
2.726290416424237417e-02
2.392383432337863089e-02
1.977630085913438182e-02
1.703163017031630172e-03
6.211180124223602064e-03
1.565728818947702966e-02
3.443581324577560821e-03
2.392383432337863089e-02
2.514173034261769912e-02
1.703163017031630172e-03
6.211180124223602064e-03
2.524645347439288118e-02
1.977630085913438182e-02
1.977630085913438182e-02
2.392383432337863089e-02
1.836718181082611784e-02
3.755829447035309576e-02
2.443438914027149314e-02
2.077151335311572602e-02
1.977630085913438182e-02
1.977630085913438182e-02
2.729328165374677109e-02
2.356821106821106737e-02
1.977630085913438182e-02
1.976868181445328582e-02
7.594732164498667164e-03
2.356821106821106737e-02
2.201382818087896376e-02
7.594732164498667164e-03
1.060070671378091946e-02
3.443581324577560821e-03
2.077151335311572602e-02
1.898077996650450461e-02
2.514173034261769912e-02
1.977630085913438182e-02
1.992225461613216647e-02
1.021566401816118019e-02
1.977630085913438182e-02
2.524645347439288118e-02
1.992225461613216647e-02
1.976868181445328582e-02
1.703163017031630172e-03
3.223939819790030276e-02
3.443581324577560821e-03
2.201382818087896376e-02
3.443581324577560821e-03
6.100008026326350467e-03
3.443581324577560821e-03
3.443581324577560821e-03
1.565728818947702966e-02
1.060070671378091946e-02
1.977630085913438182e-02
2.524645347439288118e-02
1.703163017031630172e-03
6.211180124223602064e-03
2.729328165374677109e-02
3.755829447035309576e-02
1.836718181082611784e-02
2.729328165374677109e-02
1.898077996650450461e-02
2.524645347439288118e-02
2.443438914027149314e-02
3.443581324577560821e-03
1.977630085913438182e-02
2.729328165374677109e-02
1.984546563643757588e-02
3.755829447035309576e-02
1.836718181082611784e-02
3.755829447035309576e-02
3.443581324577560821e-03
2.726290416424237417e-02
2.729328165374677109e-02
3.223939819790030276e-02
1.565728818947702966e-02
1.021566401816118019e-02
7.594732164498667164e-03
3.755829447035309576e-02
2.392383432337863089e-02
2.726290416424237417e-02
1.898077996650450461e-02
2.392383432337863089e-02
2.729328165374677109e-02
6.100008026326350467e-03
1.565728818947702966e-02
1.703163017031630172e-03
6.211180124223602064e-03
1.984546563643757588e-02
1.976868181445328582e-02
1.992225461613216647e-02
3.452022734871280224e-02
3.755829447035309576e-02
3.443581324577560821e-03
6.211180124223602064e-03
1.977630085913438182e-02
2.392383432337863089e-02
2.077151335311572602e-02
2.356821106821106737e-02
2.443438914027149314e-02
2.392383432337863089e-02
1.703163017031630172e-03
1.898077996650450461e-02
2.514173034261769912e-02
2.356821106821106737e-02
2.524645347439288118e-02
1.060070671378091946e-02
2.356821106821106737e-02
2.077151335311572602e-02
3.755829447035309576e-02
2.443438914027149314e-02
3.223939819790030276e-02
2.443438914027149314e-02
1.565728818947702966e-02
2.443438914027149314e-02
2.392383432337863089e-02
1.977630085913438182e-02
2.524645347439288118e-02
1.836718181082611784e-02
2.729328165374677109e-02
2.726290416424237417e-02
6.211180124223602064e-03
2.524645347439288118e-02
1.836718181082611784e-02
2.392383432337863089e-02
1.060070671378091946e-02
1.060070671378091946e-02
1.992225461613216647e-02
1.703163017031630172e-03
2.443438914027149314e-02
2.201382818087896376e-02
1.565728818947702966e-02
3.755829447035309576e-02
1.976868181445328582e-02
2.726290416424237417e-02
2.726290416424237417e-02
3.223939819790030276e-02
7.594732164498667164e-03
1.703163017031630172e-03
