5.826600372902423705e-03
1.904761904761904760e-03
1.202103681442524483e-02
2.132520944402132614e-03
-1.567141247567346157e-02
-1.472945127070136688e-02
6.244424620874219380e-03
-1.583352182764080629e-02
-2.381430868167202716e-02
-4.907407407407407551e-02
-4.015966112740305960e-02
1.376146788990825764e-03
-5.189028910303929284e-04
-3.982888331612332612e-03
7.505387530653192044e-03
-2.000741015190811607e-03
3.707823507601038307e-03
-4.698588182565174853e-02
-2.143501805054151554e-02
-7.463238010788442699e-03
-2.411454408440090284e-03
-5.843572070722205872e-03
3.871467286101432440e-04
2.214924005193614695e-03
5.441845354126055578e-03
6.521416926041203287e-03
8.268190018039687714e-04
8.276188224166470403e-03
-4.065040650406504495e-03
1.702522829283392757e-03
-4.842590735913374772e-02
4.665391969407265901e-03
1.786644829896523456e-03
-5.478618170750266560e-03
-6.220379146919431321e-03
6.970800092944000889e-04
2.214924005193614695e-03
-4.912496162112373575e-03
2.144936417956181882e-03
1.287001287001286916e-02
-4.630683974796933298e-03
1.287001287001286916e-02
-5.603287261860291461e-03
2.741101073276194788e-02
-2.229225920516565360e-03
5.003849114703617929e-02
4.012079378774805610e-02
-1.176559890693790883e-02
2.705546370058620111e-03
-1.611567136079523899e-02
-2.687095780720665308e-02
2.076689740997122308e-02
1.409644122631335643e-02
9.538702111024238012e-03
-2.013524808145277650e-02
-6.189821182943603707e-03
5.351272838468007064e-04
-3.749999999999999861e-02
3.453418099050309820e-03
2.822919050888837971e-03
-2.582835215113275622e-03
-4.581944865192365962e-02
1.444317749904979126e-03
-3.830104321907600723e-02
1.213617196338578549e-02
1.287001287001286916e-02
6.390748630553865113e-03
2.647283856159143162e-02
-4.065040650406504495e-03
-1.304924800943674419e-02
1.077254539858417924e-02
-3.141751042287075496e-02
2.172918572735590276e-02
-7.079291269141345377e-02
-9.885931558935362115e-04
-4.765395894428152423e-02
4.380103934669636601e-03
3.687142072644543616e-03
7.601023811370510863e-03
-1.259311812699538853e-02
4.181832262061488739e-03
4.324485535341484992e-03
2.214924005193614695e-03
3.687142072644543616e-03
5.086071987480437866e-03
5.421313506815366020e-04
7.764577995185961354e-03
-4.015966112740305960e-02
3.816793893129770843e-03
6.738962044926413535e-03
-5.843906189926951350e-02
-5.843906189926951350e-02
-6.996501749125437703e-04
1.471727343144848925e-02
-4.130741495532214841e-02
-2.921953094963475588e-03
-6.220379146919431321e-03
-5.285086027312707602e-02
1.880406167732230063e-03
-5.604962259920783472e-03
1.149079984979346596e-02
3.173374613003095840e-03
5.156225950438663927e-03
1.487778958554729011e-02
-1.122407482716551372e-02
2.886109672167542529e-03
2.329873125720876431e-02
-1.955769520084248668e-03
1.186943620178041586e-02
9.065332916536416805e-03
-2.783095273155647073e-02
1.283406311339272245e-03
-8.993033565547814412e-02
3.460988638928598309e-03
-1.731797304419847817e-03
1.012484774665042657e-02
2.788752033465024399e-03
1.402790415529269093e-02
-2.477477477477477499e-02
5.052667637235591647e-02
-4.274867122247532486e-02
1.487778958554729011e-02
-6.383777694329703309e-03
-2.408912978018669122e-03
-2.459099684991362597e-02
-1.731797304419847817e-03
-4.140526976160602279e-02
4.638936137312510075e-03
-5.634127594158339775e-02
-2.853405281661352405e-02
-2.179815960174988701e-02
2.537942664418212438e-02
-1.924927815206929843e-03
5.107963779893196984e-03
1.061192873741285785e-02
1.877863742206865427e-03
-5.408280875964181084e-03
-4.432624113475177631e-03
1.444317749904979126e-03
1.089961298475633847e-02
-4.650930186037207509e-02
9.193512220644293673e-03
-3.830104321907600723e-02
-1.259311812699538853e-02
-8.073166060141735711e-02
-5.265990159901599160e-02
-2.783095273155647073e-02
-6.509441478766632427e-02
-1.364770903904439225e-01
2.755453501722158333e-03
-4.057543341940243742e-03
6.244424620874219380e-03
5.351272838468007064e-04
-8.370370370370370031e-03
3.636926410276251735e-03
2.679733557920526733e-03
-6.172839506172839164e-03
-7.463238010788442699e-03
1.127876848041457075e-02
1.473296500920810367e-02
-6.937485546905110788e-03
1.786644829896523456e-03
4.181832262061488739e-03
1.165980795610425252e-02
-6.417431534960077455e-03
-1.657999849272740953e-03
-6.620050853614238562e-02
1.985339034819792476e-03
-5.576059050064184619e-02
-5.856079404466501236e-03
-2.480701491418721427e-02
-5.603287261860291461e-03
-1.918060457265613038e-03
5.347179169249844689e-03
7.501019160211985434e-03
5.787638198412109122e-03
2.225354202210518429e-03
1.674786845310596850e-03
3.465137846724559295e-02
-4.195030633083730170e-02
-4.202305689847526948e-02
-6.996501749125437703e-04
3.231763619575253859e-03
-5.070635721493441106e-02
-3.759115855950680282e-04
4.391841595950573239e-03
6.850896774690170069e-03
3.693728357060408005e-03
5.421060448537056570e-03
1.903474100270438965e-02
5.939123979213065813e-03
-4.649360712901975902e-04
-2.831104803167251716e-02
1.390283463350583133e-03
-3.749999999999999861e-02
1.202103681442524483e-02
-2.379257752923233382e-02
-3.892804458285527291e-02
1.845947306595066215e-02
4.181832262061488739e-03
