-7.529553497477599723e-04
0.000000000000000000e+00
-6.129798482874874955e-04
5.271878294923934257e-04
-6.832962871490903464e-03
7.714858818083628511e-05
1.532684496896313949e-04
-4.001654430772412507e-02
8.071669327656554732e-03
4.555990728159219766e-03
9.679100588191497405e-04
-5.025914873566829366e-03
-1.508056194936106126e-03
7.616726331022926179e-04
-1.163963684333048842e-03
5.313414446326813860e-03
5.631846937201049653e-03
4.530011325028312661e-04
3.031910861820662217e-04
-8.886914019106865277e-04
-1.791445846084944310e-03
1.461313644054760804e-03
-5.479452054794520591e-03
1.533154465312380158e-04
-9.945338597023990757e-03
-4.955320877335499426e-03
1.742788461538461592e-02
5.427198015196154279e-04
-3.925571170605323041e-04
4.935126960120990273e-03
-3.159319993982247481e-03
-3.854158637169505632e-04
-4.885856288433998960e-03
-1.303566077314953497e-02
-1.807365012425634536e-03
4.619648906683092174e-04
2.313030069390902032e-04
5.634736493205170713e-03
-2.258746635909265540e-02
1.826901118976935424e-03
7.798023471278566800e-03
-9.169404752808130643e-04
9.801703988539546813e-04
6.354754150448804458e-04
4.205838693715982166e-03
1.085692128732066754e-03
1.219304229195088650e-02
-2.208514203030995191e-03
-1.576576576576576520e-03
2.468564375530355424e-03
1.699629171817058004e-03
3.099333643266697735e-04
-3.730132987349983609e-03
2.249381420109469948e-04
-2.176952266826442939e-02
-1.249414337029517395e-02
-3.540555453375023032e-02
2.224529141331751524e-04
2.069750595053295947e-04
-1.417487317218740685e-03
-5.370569280343716291e-04
2.319357716324710241e-03
-4.434196523589925272e-04
9.322560596643878102e-04
-6.109668550481135892e-04
4.690064879230829609e-04
-5.178831526136915345e-03
2.589382448537378215e-02
1.563966218329684160e-04
2.688372787693226688e-03
1.548227279764669386e-04
-7.388798581350671944e-05
-1.541782300339192106e-03
1.986856182179428613e-03
5.132075471698113560e-03
0.000000000000000000e+00
7.693491306354823672e-04
-1.091753774680604035e-02
-2.377591202912549256e-03
2.275600505689001109e-03
2.323240145589715755e-04
1.167076167076167015e-02
-7.938398031277288857e-05
-4.647920055775040665e-04
-1.600243846681399145e-03
-7.532956685499058282e-05
0.000000000000000000e+00
-6.228104320747372170e-04
-7.514841812579844960e-05
8.255006129955047220e-03
5.260784608447316522e-04
-2.541981204745031708e-03
6.042296072507552865e-04
5.217112127779115725e-03
2.090268638228690978e-03
1.487396273680914290e-03
1.629146919431279528e-03
-5.039011703511053590e-03
1.653413117077395583e-03
-7.949757532395261561e-04
-3.005033430996919739e-04
-2.667276329827770239e-03
2.466183394365144537e-03
-8.549991275519107370e-03
-1.499288047575173845e-02
1.203369434416365867e-03
5.175218098477006807e-04
-2.621029910576626668e-03
-4.510939027140816663e-04
1.655504552637519647e-03
1.531276318811729655e-03
6.250000000000000347e-03
2.993115833582759861e-04
1.156247591150851798e-03
-7.759155803848541227e-05
2.017537052843951240e-03
3.107497741644082989e-02
1.591150174268828694e-03
-1.550267421130144892e-04
-7.586102260658473325e-05
1.200151917964299361e-02
1.812063163344550948e-02
-9.770028558545016707e-04
3.127443315089913729e-04
-3.435468895078922641e-02
3.126465530717523786e-04
1.479837217906030311e-04
7.738141298460110334e-05
-7.522190461862493939e-05
1.077088782889675314e-03
-4.345512593118126821e-03
-1.039809863339275116e-03
2.661596958174904885e-03
-3.607716094831394434e-03
5.370157268891446404e-04
6.093845216331505521e-04
2.952683250904259392e-04
-7.063809748057451807e-04
-9.608665269042627327e-03
-2.344665885111371628e-04
2.269804040251191589e-04
1.809681797617252244e-03
1.506477854775534794e-04
-8.000646516890252968e-03
-3.916148352914075072e-03
-7.027406886858749129e-04
1.884274161890555016e-03
-3.849114703618167579e-04
2.485436893203883408e-03
-3.608660785886126654e-03
-1.281731169371618830e-02
-7.620208793720947534e-05
-1.506250941406838328e-03
0.000000000000000000e+00
5.194419709112496619e-04
-5.423413651506934314e-04
3.135275674848971277e-03
3.070545789514086098e-03
-1.768188823100007995e-02
2.318930200200973934e-04
1.626268101912801056e-03
-8.992805755395683921e-04
-3.342967244701348928e-02
8.429242989139244455e-03
2.251203229312218751e-03
3.872966692486444853e-04
-5.207558399047760699e-04
-1.317943680419122500e-02
-8.605589825603533749e-03
1.633732690213163252e-03
1.712711296447985742e-03
9.199632014719411142e-04
5.198277142432793704e-04
-4.001654430772412507e-02
6.443200122727621090e-03
-8.846190430895082071e-03
-1.246424192889252110e-02
-1.668897813476126826e-02
2.235636038452939664e-03
9.535918626827717334e-04
2.241817366611866685e-04
2.208950339523848595e-03
-2.070621186355906668e-02
1.009218054672600048e-02
9.151679134171574262e-03
9.786208973200842629e-04
3.194402190447216423e-03
7.409053863821590509e-04
-1.815980629539951444e-02
8.815088150881509113e-03
-1.527300496372661226e-04
-7.497938067031566494e-05
9.088155104513784234e-04
-7.846626759424041656e-03
-2.634146341463414805e-03
1.548107438656242795e-04
-6.348198698619266379e-04
-2.255639097744360929e-04
-3.181076672104404379e-03
-1.065854586981347619e-03
