3.326956666389420045e-04
-8.606592649969877331e-04
4.269125683060109150e-04
-6.657789613848202849e-04
3.336948360724117631e-04
5.868052644815156035e-04
4.218341348181894900e-04
4.149721968628101759e-04
2.545176889793840727e-04
1.668335001668335078e-04
4.368719965050240316e-04
-7.773363275177059889e-04
8.372404554588077405e-05
1.296680497925311150e-03
8.602890571231933581e-05
8.522969402539845075e-05
-8.300132802124834215e-04
2.561256723298898459e-04
0.000000000000000000e+00
6.833518407790210684e-04
-2.132378027976799574e-03
-7.468879668049792885e-04
0.000000000000000000e+00
-4.262211235188816030e-04
-7.477567298105683435e-04
8.416799932665600819e-05
-1.676586469947187593e-04
3.327510190499958467e-04
1.679543164259321398e-04
-4.354642048423619754e-04
4.338394793926247093e-04
-8.368200836820084264e-05
4.326382279138184608e-04
-5.917159763313609546e-04
3.323915572544457360e-04
-1.668752607425949184e-04
-9.349766255843603704e-04
6.978975835296170448e-04
-8.657259111765215186e-04
-4.973474801061007972e-04
-5.167958656330748921e-04
6.624161629543761027e-04
-3.459609064175748149e-04
4.196038939241356156e-04
6.718736877467035773e-04
0.000000000000000000e+00
-1.661957786272228680e-04
2.569813260236422582e-04
3.387533875338753385e-04
1.568490763332171418e-03
1.403878213564973328e-03
8.695652173913044072e-05
0.000000000000000000e+00
3.421727972626176489e-04
1.251146884644257226e-03
5.920663114268797603e-04
4.187253998827568987e-04
0.000000000000000000e+00
-1.709255619177848119e-04
7.928816844330895770e-04
0.000000000000000000e+00
0.000000000000000000e+00
3.479773814702044566e-04
5.878401074907625571e-04
-1.673220112105747539e-04
5.807200929152148659e-04
-5.971677188193140863e-04
-8.331250520703156867e-05
-7.498750208298617060e-04
6.624710168930109501e-04
1.623792838218955604e-03
-1.988759187202766843e-03
2.913650008829242292e-03
5.860192549183759194e-04
-2.160573848414138690e-03
1.657138122462507314e-04
0.000000000000000000e+00
-2.511090650372478422e-04
-8.401243384020835446e-05
-7.694280584765324877e-04
1.745352997643773510e-04
8.606592649969877331e-04
-2.837977296181630645e-03
-8.627383314640670151e-05
1.685772083614295324e-04
0.000000000000000000e+00
8.395600705230458908e-05
2.078281953585036420e-03
0.000000000000000000e+00
1.134083573235627725e-03
-8.325701440346349467e-05
-3.415592178293911491e-04
2.600554785020804368e-04
-8.421052631578947558e-05
0.000000000000000000e+00
9.417001969009502560e-04
7.636826474331777186e-04
-3.775203775203775283e-03
8.339588024351597283e-05
3.338898163606010007e-04
-3.393281303020020587e-04
-1.675884028825205395e-04
-4.194982800570517417e-04
5.037360423138275345e-04
-1.730403183941858368e-04
8.814455707360070811e-04
1.575630252100840376e-03
1.674060433581652191e-04
1.656177542232527375e-04
3.012307427489457120e-03
1.135966445298846597e-03
4.971002485501242697e-04
1.658099817609020102e-04
0.000000000000000000e+00
1.731451822353043037e-04
-2.109333802074178036e-03
0.000000000000000000e+00
-8.478168715557439863e-05
1.357427674556714982e-03
-5.977286312014344974e-04
5.145797598627787446e-04
2.510460251046025279e-04
2.407359642335139046e-03
4.284857314251435301e-04
-2.621461027612723041e-04
2.601908065915004464e-04
-3.324468085106382898e-04
-4.989604989604990099e-04
1.678697330871243860e-04
-5.073995771670189968e-04
3.316749585406301797e-04
-6.918619735362794730e-04
0.000000000000000000e+00
-1.762040610840745047e-03
1.660302174995849193e-04
8.288437629506837561e-05
-1.812845303867403239e-03
2.565637560933891953e-04
7.478810038225029060e-04
-3.450060376056580860e-04
7.807078417765440361e-04
-2.506684491978609887e-04
4.146624647536904969e-04
7.802340702210663588e-04
5.085176709890668230e-04
6.093845216331505521e-04
-3.316474587513473121e-04
-8.296689620841283868e-05
-8.556515786771626633e-05
1.254600200736032210e-03
