2.983994936251017482e-03
-2.661462029808374700e-04
-6.263982102908277356e-04
-6.241640659830583956e-04
7.128218836318274583e-03
2.102865153772014422e-03
3.331232556045736742e-03
-5.369608018614640751e-03
1.972917227154515497e-03
-1.194633339459658149e-03
-1.458101037824856370e-03
5.236996271968755515e-03
2.189141856392294236e-03
3.238575026988125324e-03
-9.000090000900008507e-05
9.624639076034649217e-04
-2.147950854884440181e-03
-4.585171727658102041e-03
-2.877321475281192833e-03
5.020775623268697828e-03
-9.289321789321789910e-03
2.685525020141437693e-04
6.370602899085957109e-03
-9.452608060496691354e-04
3.962179198559207839e-03
5.236996271968755515e-03
-8.610297916307903786e-05
4.216315307057745543e-03
3.567388845384146696e-03
1.732351667388479797e-03
-2.705627705627705517e-03
-8.714401221812955248e-03
1.980198019801980222e-03
-2.749377094252083466e-03
-1.775568181818181759e-03
-1.177528089887640468e-02
6.338857194602916072e-03
-2.531645569620253212e-03
-2.227965421976650824e-03
1.796622349982033694e-03
-4.721517880563084850e-03
6.429096252755327331e-04
-3.673835125448028562e-03
-4.573036672236390626e-03
-3.653863292041707473e-03
-2.931769722814499095e-03
6.428830134009417240e-03
6.242413733310213375e-03
-1.805985552115583039e-03
-6.894768594329053323e-04
3.061959654178674287e-03
-4.926541743643881276e-03
1.664476565922032346e-03
-2.263262719536483607e-03
-2.638754507872284258e-03
2.190292623094445331e-03
-3.589053387169134027e-03
6.216144214545777681e-04
2.792792792792792890e-03
7.236019296051455704e-03
5.117615370802657514e-03
1.398601398601398600e-03
1.090161737110177838e-02
2.070750647109577403e-03
5.198064169205950970e-03
7.485569985569985943e-03
2.189141856392294236e-03
-7.354293068578783088e-04
2.124457820660352343e-03
1.041395469929705907e-03
4.408928079360705833e-03
1.157613535173641992e-03
4.240022121854548562e-03
6.930967563071805011e-03
-4.467737778159635957e-03
1.600711427301022578e-03
-4.217088375504217043e-03
4.136409596470263551e-03
-5.509882805667307842e-03
-5.326231691078562279e-03
4.474469205123706231e-03
5.186813186813186635e-03
-1.312221153004986419e-03
-6.768499039604866131e-03
-3.665017408832692107e-03
-3.432390931261855398e-03
1.929147667485093002e-03
8.850317924041931419e-03
-1.972386587771203254e-03
-1.642745979595365688e-03
1.883070301291248170e-03
-1.341801592271222839e-03
5.020775623268697828e-03
3.741733379742429467e-03
-7.867820613690007861e-04
3.340072075239518528e-03
-4.082357117500887492e-03
-6.999282124910265190e-03
-1.610017889087656624e-03
6.891205099491773834e-04
-1.341801592271222839e-03
0.000000000000000000e+00
1.957992168031327980e-03
1.867828871297696298e-03
6.405756405756405335e-03
1.409691629955947241e-03
2.574573863636363518e-03
-5.545774647887324361e-03
5.969351389878830953e-03
2.848019332010011308e-03
3.075300940163430176e-03
-4.981763188328440679e-03
-3.302752293577981748e-03
1.600711427301022578e-03
1.731301939058171749e-04
-6.271839440910312790e-04
5.957673839587409280e-03
1.730403183941858422e-03
-9.054945054945055458e-03
4.436557231588287653e-04
1.380003655638822879e-02
1.752694768206116945e-03
3.612064294744446631e-03
1.043879907621247070e-02
-8.876264867743652841e-05
3.049577415700967069e-03
-1.689639839928857310e-03
2.135421300827475537e-03
-4.295163645734902461e-03
8.133755083596927449e-04
5.957673839587409280e-03
-1.383006309966289173e-03
-3.106692703710278725e-03
-4.635989010989010999e-03
5.116642095221576522e-03
-1.775095411378361577e-04
-4.342539517109605864e-04
1.499250374812593654e-03
-9.197093718384990915e-05
-7.105766602896966197e-03
-2.154986639082837659e-03
-8.615490652192642077e-04
6.556796030480240879e-03
8.850317924041931419e-03
-1.341801592271222839e-03
-7.792882500649407022e-04
-1.359188111634650198e-03
-1.674746584398413302e-03
-1.530891197375615007e-02
6.118346298400489415e-04
-3.673835125448028562e-03
-1.019421741805079558e-02
-1.055873295204575553e-03
1.157613535173641992e-03
4.946559491211023792e-03
-6.121021336131514693e-04
8.915834522111269885e-05
5.018169233431389945e-03
3.744650499286733027e-03
-8.697164724299878496e-05
-2.676659528907923062e-04
5.680256527714155207e-03
1.311647429171038754e-03
-5.191550304332259551e-03
7.641452734609770550e-03
4.051499054650220186e-03
5.541651769753306971e-03
-2.933816550176892007e-03
-1.897876186172616332e-03
3.619254433586681016e-03
8.840951286358412348e-04
-4.824138233488290718e-03
-4.292213923941969175e-04
-1.123984091302092370e-03
2.253228182684808168e-03
9.226794611551946204e-03
5.811808118081181022e-03
-1.359188111634650198e-03
-7.066821719295107024e-03
-1.019421741805079558e-02
-2.263262719536483607e-03
2.065760027543466892e-03
1.838557170372964429e-03
-7.406101216716628154e-03
-2.154986639082837659e-03
1.972917227154515497e-03
6.126378435147908624e-04
1.292434947440978827e-03
5.510653930933137557e-04
7.001575354454752558e-04
1.774150625388095477e-04
-6.598571815963120112e-03
-4.678040726472206673e-03
4.436557231588287653e-04
-1.064962726304579440e-03
-3.954607977991747222e-03
0.000000000000000000e+00
-4.957767168564083775e-03
-3.436115381137535164e-03
7.384341637010675974e-03
