9.986859395532194511e-03
-2.643171806167400779e-03
-5.251181515841064689e-04
8.650519031141868233e-05
-5.947829042399524176e-04
7.910697020304122487e-04
7.804370447450571964e-04
-4.377517072316582233e-04
1.710863986313088028e-03
-1.382647770480470092e-03
-1.786777843954734900e-03
-1.036448436690274580e-03
5.392912172573189819e-03
-4.250616339369208763e-04
3.325658736249680145e-03
-3.571428571428571425e-04
-1.762114537444933998e-03
1.204715601067033902e-03
-3.117762337430963863e-03
2.033598585322723192e-03
2.784764642472152205e-03
-4.689128169503300157e-03
4.388321690847215087e-03
4.418132013784571537e-03
1.214539776177669820e-03
2.841161324691467756e-03
1.063358440407620670e-03
2.666903724775535577e-03
1.736412571627018455e-04
9.457484309173759453e-04
6.912641493130563045e-04
-6.753154433979029724e-03
-1.720874204095680735e-04
1.420706801633812811e-03
6.028246641405442773e-04
-4.371775815336189676e-04
-8.952551477170993689e-04
5.152868430092751246e-04
-8.805917576611482973e-05
1.323568340245301345e-03
7.878840934955790975e-04
1.816137680532733684e-03
-2.051739518287243325e-03
-8.957362952346828422e-05
1.543209876543209791e-03
-2.647370278856336044e-04
-4.250797024442082642e-03
1.284246575342465682e-03
-1.382289416846652335e-03
-9.017132551848512005e-05
6.062180652983458883e-04
-6.112469437652811709e-04
-2.076304178562159153e-03
8.691873098652760140e-04
-3.427667428370539688e-03
-2.079182188339253213e-03
1.051340459085333768e-03
4.411505205576142833e-04
-3.407735559720565855e-04
1.223990208078335265e-03
-4.623571490883712949e-03
-9.441249678139215220e-04
-1.684695868061713165e-03
-5.316792202038103351e-04
-3.600684129984696880e-04
2.556237218813906171e-04
3.201138182464876615e-03
-2.158708228995769030e-03
2.647837599293909961e-04
-3.899672073030222355e-03
-2.045171616574782258e-03
2.301088591910788357e-03
-5.299417064122946813e-04
1.715854495538778252e-04
-2.454417952314165430e-03
3.684661525278491809e-03
-2.301699716713880885e-03
2.090149036713922180e-03
-2.824110846350719444e-03
-1.115496825124420721e-03
1.598579040852575591e-03
2.592912705272256021e-04
2.014539721467986134e-03
2.028934368383909781e-03
1.033413709955218699e-03
-2.760524499654934492e-03
1.526991826102577950e-03
-3.542330853701735824e-03
2.758382898026032204e-03
6.910850034554249935e-04
2.334832237979937632e-03
-1.704884494075526466e-04
8.666262241095415864e-04
1.210444406017637886e-03
3.094847988348807706e-03
-5.163511187607572675e-04
2.562516567995051526e-03
5.950357021421285621e-04
-8.187028108796506800e-04
7.228705800383208695e-03
1.213171577123050172e-03
-8.448800270361608009e-05
0.000000000000000000e+00
-1.107745564690610154e-02
1.168959625932919659e-03
-2.192405507322634558e-03
-3.885003885003885001e-03
-2.307495085890095068e-03
0.000000000000000000e+00
1.123886919685311570e-03
0.000000000000000000e+00
-8.674531575294933735e-04
-8.628127696289905483e-04
2.590897314103117639e-04
2.592912705272256021e-04
-2.482709700301471804e-03
-7.573025604038947055e-03
-2.483940042826552654e-03
2.246608485267432773e-03
2.250692520775623463e-03
1.225704780248643025e-03
1.679780744408098389e-03
-9.673731422038518799e-04
3.539196602371261582e-04
0.000000000000000000e+00
-3.874634062338557124e-03
2.606882168925964615e-04
-3.192407247627265018e-03
-1.133193863319386253e-03
1.044295535636585205e-03
1.590106007067137875e-03
1.942776404097492022e-03
5.208333333333333261e-04
1.163310961968680142e-03
-2.592688618096966298e-04
-6.627326373127553384e-03
-2.480949849370901825e-03
1.776041204155936364e-04
-4.269854824935952024e-03
7.874704698573804004e-04
5.456529647144415639e-04
2.570238411769919240e-03
-2.592688618096966298e-04
2.261459511176828682e-03
-2.854339488002854280e-03
-2.581755593803786338e-04
7.907221929362150689e-04
1.529602303401115778e-03
1.342161775232641454e-03
-2.847282139775668495e-03
5.308794903556892644e-04
2.564102564102564100e-03
-4.408393581378945562e-04
7.070885628424960568e-04
-5.098139179199592461e-04
-1.115401115401115336e-03
1.276813074565883539e-03
7.039774727208729160e-04
-1.398601398601398600e-03
3.090234857849196489e-03
-5.160846378806124672e-04
3.212564697483490887e-03
-2.424351261560563943e-03
-4.525706010137581421e-04
1.684695868061713165e-03
1.764602082230457133e-03
1.868992524029903981e-03
3.398759452799728163e-03
-1.937472479084103964e-03
2.183787561146051902e-03
4.538852578068264601e-04
1.162582722232158739e-03
6.209527188858333761e-03
-8.746610688358261111e-05
8.558712769599452312e-04
2.042810196287414646e-03
9.129918743723181344e-05
-1.151563468863495534e-03
1.386481802426343208e-03
-3.193509407906093642e-03
3.497757847533632461e-03
9.935868485231686906e-04
-3.453038674033149028e-04
-1.592356687898089252e-03
2.860362312559591030e-03
-1.314784969038934603e-02
1.836627601889102759e-03
2.543666270985246486e-04
-6.951685783802572308e-04
-2.667140825035562140e-04
8.915834522111269885e-04
-1.772264067346034631e-04
3.006720905553590499e-03
-1.411806229594988029e-03
2.584869894881957437e-04
2.213172804532577941e-03
-1.998001998001998000e-03
2.672843905915894651e-04
3.534817956875221088e-04
-1.297577854671280208e-03
