-7.580325609440950567e-03
1.593425025159342584e-03
5.049138941484085895e-03
6.312561998376769665e-04
-1.030274211443968878e-02
-1.315284178187403966e-02
9.327529537176868293e-03
-9.853068280034571469e-03
2.441295127754215463e-02
1.403542735456393339e-02
2.544097693351424498e-04
-1.117728644856000667e-02
3.324493275241523216e-02
3.820364883829720920e-03
-7.011217948717948746e-04
-1.718300321652277071e-02
-1.001803245842516595e-03
3.446065074531174961e-03
-8.243665393960430965e-03
9.951182876455126614e-03
-2.015876331731773427e-02
8.136535026791029759e-03
6.990291262135921949e-04
-2.540775346283091502e-03
1.771451976244112214e-02
-3.277245157503423656e-02
-1.733298493162616430e-02
-3.427298432010967319e-04
-2.735479164767028117e-04
-1.232050301639901410e-02
-3.904555314533622590e-02
1.147037572254335294e-02
1.914875097919749259e-03
-5.441189806837761454e-03
1.855861429013300245e-03
2.494285998211269104e-02
1.934493346980552600e-02
-1.301431574732205346e-02
6.777388075097998121e-02
2.590090090090090003e-02
7.864274984536538324e-03
-2.448979591836734568e-02
-1.021645021645021731e-02
-5.446892795246347993e-03
5.844307644354398805e-03
-5.169577817811545767e-03
1.425323539699195445e-02
-5.594405594405594401e-03
-7.561436672967864316e-04
-6.108202443280977756e-04
-6.305922454196847063e-03
1.633165829145728776e-02
-8.676420551207894225e-03
6.015349512549264012e-03
2.283491204330175949e-03
-8.163601880102250991e-03
-4.829339143064633605e-02
-1.384985949417904399e-02
8.553791887125220331e-03
-3.570153516601214019e-04
0.000000000000000000e+00
-1.891291834553079443e-03
8.096510404015869059e-04
8.915834522111269885e-05
3.191393993724787187e-02
1.587157627426083809e-02
3.349652151507343401e-03
-2.341196218747239322e-02
6.944444444444444059e-03
-6.647831145088914720e-03
9.327529537176868293e-03
6.584904107333936591e-04
6.882255389718076703e-03
1.364846870838881503e-02
-1.025641025641025640e-02
1.984028978348563454e-02
1.041940285439103484e-02
-1.496683993547230640e-02
-7.713386785750533242e-03
-3.911597887737140690e-04
-1.460361613351877572e-02
-2.505099959200326326e-02
-2.383521333987248525e-02
-2.332764366414695478e-02
-1.320847708230655539e-02
3.695358269490761453e-03
1.836700617799298663e-02
-4.925299622393695780e-04
2.265749073583906911e-02
8.745583038869257989e-03
3.708281829419035960e-03
1.914875097919749259e-03
8.421881149153875867e-03
5.796210957501279903e-02
-1.618268452755551546e-03
2.146744607941947214e-02
-1.017632241813602040e-02
3.588491347276780846e-02
-3.129074315514993390e-03
2.864334693168995791e-03
-8.212877792378449034e-04
5.329543435779001597e-04
-1.005823186871360533e-02
1.615639389288310720e-04
3.247016803311957023e-03
2.483301935262887360e-03
-8.613549776378995673e-03
7.955724662746454026e-03
3.395808141878274566e-02
1.010643055182899527e-02
-3.262863980853610013e-02
-2.299381290977929593e-02
-1.442387860596965228e-02
-1.511879049676025967e-02
1.404247849745480104e-03
-1.197655652764800793e-02
-3.554151446342185619e-03
-5.083884087442805920e-03
-2.629733520336605818e-04
6.386278624213118918e-04
-6.333072713057075545e-03
8.755034144633164466e-05
-4.025404776813668734e-03
3.945421666940653917e-03
1.314948406538215750e-02
-2.538694619605273966e-03
-8.920885828312075105e-03
-1.826404592102974511e-03
5.144594278587574614e-03
4.164082572871445100e-03
-6.555764975825616875e-04
4.151486910107599765e-03
-5.023669210704280116e-03
-3.319502074688796597e-04
7.367824467654440594e-03
9.851350162723194331e-03
9.428830462375340296e-03
-8.498133587483122642e-03
9.538689252528575677e-03
-5.023669210704280116e-03
-1.044642128458336816e-02
7.724650435122714341e-03
-1.363162537086039716e-03
-1.413677328149849817e-02
3.537318712415988848e-03
-2.980025773195876110e-03
-2.493972898827832483e-04
2.270279971284996576e-02
7.947019867549668867e-03
3.627338678885070472e-03
-2.227766886472999554e-03
-3.692954363490792702e-02
2.586004231643288138e-03
9.107933265236636822e-03
6.480721903199343492e-03
9.427374301675978119e-03
-2.970636075678452157e-02
1.155172413793103398e-02
-1.512590088086128741e-03
4.377736085053158220e-03
7.924827351975546538e-03
-3.154193872425916506e-02
5.463144161774298457e-03
2.676273803396808995e-02
3.203074951953875735e-03
-1.996207206308014785e-03
2.288538996704503770e-03
4.587965413799187896e-03
2.921040620721131794e-03
-2.419901268028264423e-03
8.278009999180395775e-03
2.872273584058881394e-03
-2.708393147669633377e-02
4.830917874396135035e-03
-1.364207503141267284e-02
-6.270154066642780709e-03
3.118076639041601761e-03
4.892633867898885970e-03
-7.872174590802805128e-03
-4.575099776112138972e-03
1.703272075302554806e-03
3.595997498436523040e-03
5.648492358529533242e-02
-8.274116616373016625e-03
1.945562583860456149e-02
3.357801030766827989e-03
-7.901363202222800794e-03
-1.642036124794745431e-03
-5.973295853829936435e-03
-2.439024390243902437e-03
2.329618125342590787e-02
-1.929725818123341615e-03
-7.248275259802637073e-03
5.380116959064327846e-03
-1.105610561056105667e-02
1.074820863189468456e-02
-1.419558359621451125e-02
7.893352043501139503e-03
6.909295412549208530e-03
-2.085143353605560437e-03
