[-0.00257004]
[0.00046867]
[8.477163e-05]
[0.0005228]
[2.9162875e-05]
[8.477163e-05]
[0.00155024]
[0.00076768]
[0.00036559]
[0.00032361]
[0.00018636]
[-3.3836346e-05]
[0.00107525]
[0.00116553]
[-0.00050901]
[-5.195857e-05]
[4.242586e-05]
[8.477163e-05]
[0.00022417]
[-3.3836346e-05]
[-0.00014002]
[8.477163e-05]
[8.477163e-05]
[0.00079386]
[0.00018091]
[-0.00317295]
[-0.00844719]
[-0.00081723]
[8.477163e-05]
[0.00018636]
[8.477163e-05]
[8.477163e-05]
[-0.00103273]
[0.00071163]
[0.0009031]
[-0.00317295]
[-0.00177239]
[7.936267e-05]
[8.477163e-05]
[3.4389595e-05]
[7.936267e-05]
[0.00188774]
[8.477163e-05]
[-0.0004208]
[0.00019357]
[0.00061705]
[8.477163e-05]
[8.477163e-05]
[-0.00091332]
[8.477163e-05]
[-0.0004208]
[0.00113807]
[-0.00099671]
[0.00062469]
[8.477163e-05]
[-9.012569e-05]
[-0.00153171]
[8.477163e-05]
[8.477163e-05]
[8.477163e-05]
[-0.0004208]
[8.477163e-05]
[8.477163e-05]
[-0.00099671]
[0.00128576]
[0.00057937]
[0.0005853]
[0.00010676]
[-0.00206831]
[0.00310174]
[0.00155961]
[-0.0004208]
[8.477163e-05]
[0.00059763]
[0.00050795]
[8.477163e-05]
[8.477163e-05]
[-0.0030674]
[8.477163e-05]
[8.477163e-05]
[-0.00091332]
[-0.00125478]
[0.00049669]
[-0.00154274]
[8.477163e-05]
[-0.00033461]
[8.477163e-05]
[0.00151965]
[-0.00280452]
[-0.00280452]
[-0.00047061]
[0.00181952]
[8.477163e-05]
[0.000344]
[0.00292925]
[-0.00010716]
[0.00057152]
[0.0002934]
[0.00350531]
[0.00113807]
[0.00350531]
[0.00011421]
[0.00023281]
[8.477163e-05]
[8.477163e-05]
[8.477163e-05]
[7.292634e-06]
[-0.00099671]
[0.0005853]
[8.477163e-05]
[8.477163e-05]
[8.477163e-05]
[8.477163e-05]
[0.00053084]
[0.00081673]
[0.00070883]
[0.00010676]
[-0.00039951]
[8.477163e-05]
[8.477163e-05]
[8.477163e-05]
[0.00128985]
[0.00061705]
[0.00070883]
[-0.00280452]
[8.477163e-05]
[0.00010676]
[0.00194554]
[0.00096456]
[0.00181621]
[-0.00025186]
[0.00031843]
[8.477163e-05]
[8.477163e-05]
[8.477163e-05]
[-0.00125478]
[-0.00280452]
[8.477163e-05]
[8.477163e-05]
[0.00025162]
[0.00028035]
[0.00194554]
[8.477163e-05]
[8.477163e-05]
[-0.00039951]
[0.00128985]
[0.00126512]
[8.477163e-05]
[8.477163e-05]
[0.00150015]
[6.945296e-05]
[-0.00039951]
[8.477163e-05]
[-0.0006161]
[-0.0002162]
[0.00113807]
[8.477163e-05]
[8.477163e-05]
[0.00037792]
[0.00244223]
[8.477163e-05]
[8.477163e-05]
[8.477163e-05]
[8.477163e-05]
[-0.00039951]
[0.00023281]
[8.477163e-05]
[0.00350531]
[8.477163e-05]
[8.477163e-05]
[-0.00280452]
[8.477163e-05]
[8.477163e-05]
[0.00025162]
[-8.648331e-05]
[0.00011863]
[0.00030611]
[8.477163e-05]
[0.00025162]
[0.00128576]
[-0.0030674]
[8.477163e-05]
[8.477163e-05]
[8.477163e-05]
[0.00095775]
[0.00081673]
[0.00155961]
[0.00188774]
[8.477163e-05]
[0.00113807]
[-0.0004208]
[0.00070883]
[0.00085685]
[0.00235273]
[8.477163e-05]
[8.477163e-05]
[-0.00661796]
[0.0001968]
[8.477163e-05]
[0.00057298]
[-0.00280452]
[8.477163e-05]
[8.477163e-05]
[8.477163e-05]
[0.00032744]
[8.477163e-05]
[0.00237053]
[0.00116553]
[8.477163e-05]
[8.477163e-05]
[0.00061481]
[8.477163e-05]
[0.00178627]
[8.477163e-05]
[0.00018584]
[8.477163e-05]
[8.477163e-05]
[8.477163e-05]
[0.00111548]
[7.231539e-05]
[0.00015949]
[8.477163e-05]
[0.00078672]
[8.477163e-05]
[-0.00075219]
[8.477163e-05]
[8.477163e-05]
[8.477163e-05]
[0.00038807]
[8.477163e-05]
[8.477163e-05]
[0.00017801]
[8.477163e-05]
[0.00019311]
[6.155945e-05]
[0.00013936]
[8.477163e-05]
[8.477163e-05]
[0.00015949]
[8.477163e-05]
[8.477163e-05]
[8.477163e-05]
[0.00025536]
[0.00025536]
[8.477163e-05]
[0.00034443]
[8.477163e-05]
[0.00020309]
[8.477163e-05]
[0.00011345]
[-0.00061369]
[0.00013936]
[-0.00115717]
[0.0042673]
[8.477163e-05]
[0.0037834]
[8.477163e-05]
[0.00026]
[0.00013936]
[0.0042673]
[8.477163e-05]
[-1.9198855e-05]
[8.477163e-05]
[0.0006413]
[4.242586e-05]
[0.00038807]
[8.477163e-05]
[0.00011591]
[8.477163e-05]
[-0.00036159]
[8.477163e-05]
[8.477163e-05]
[8.477163e-05]
[-0.00088208]
[8.477163e-05]
[8.477163e-05]
[8.477163e-05]
[0.0006413]
[8.477163e-05]
[8.477163e-05]
[0.0006413]
[8.477163e-05]
[8.477163e-05]
[7.231539e-05]
[0.00025536]
[-3.8250437e-06]
[8.477163e-05]
[3.3670527e-05]
[0.00011591]
[8.477163e-05]
[0.00018636]
[-0.00447732]
[3.3670527e-05]
[0.00019311]
[8.477163e-05]
[0.00020309]
[8.477163e-05]
[-0.00075219]
[8.477163e-05]
[8.477163e-05]
[8.477163e-05]
[8.477163e-05]
[0.00232785]
[8.477163e-05]
[8.477163e-05]
[8.477163e-05]
[8.477163e-05]
[0.0006413]
[0.00014525]
[8.477163e-05]
[8.477163e-05]
[-0.00061369]
[8.477163e-05]
[0.00237053]
[8.477163e-05]
[8.477163e-05]
[0.00232785]
[8.477163e-05]
[8.477163e-05]
[-0.00032168]
[8.477163e-05]
[-0.00115717]
[-0.00043704]
[8.477163e-05]
[0.00111548]
[8.477163e-05]
[6.119863e-05]
[8.477163e-05]
[-0.00088208]
[0.00178627]
[0.0003064]
[9.1384936e-05]
[8.477163e-05]
[-0.00080679]
[0.00061481]
[8.477163e-05]
[8.477163e-05]
[-0.00631226]
[4.4861576e-05]
[8.477163e-05]
[8.477163e-05]
[0.00018144]
[8.477163e-05]
[0.00011804]
[0.00038807]
[0.001494]
[0.00011591]
[8.477163e-05]
[8.477163e-05]
[8.477163e-05]
[8.477163e-05]
[0.00087815]
[8.477163e-05]
[8.477163e-05]
[8.477163e-05]
[8.477163e-05]
[8.477163e-05]
[0.0003064]
[0.00011804]
[8.477163e-05]
[8.477163e-05]
[6.119863e-05]
[0.00237053]
[7.7278935e-05]
[8.477163e-05]
[8.477163e-05]
[8.477163e-05]
[8.477163e-05]
[-0.00061369]
[4.242586e-05]
[7.7278935e-05]
[8.477163e-05]
[0.00017531]
[0.00018091]
[0.00042326]
[8.477163e-05]
[0.00093586]
[-0.00126643]
[8.477163e-05]
[8.477163e-05]
[8.477163e-05]
[-0.00065575]
[8.477163e-05]
[8.477163e-05]
[8.477163e-05]
[8.477163e-05]
[8.477163e-05]
[8.477163e-05]
[0.00018091]
[8.477163e-05]
[8.477163e-05]
[8.477163e-05]
[0.00018091]
[0.00121179]
[0.00121179]
[0.00025948]
[-0.00180239]
[8.477163e-05]
[8.477163e-05]
[8.477163e-05]
[8.477163e-05]
[0.00013832]
[8.477163e-05]
[8.477163e-05]
[-0.00065648]
[0.00146153]
[0.00025162]
[8.477163e-05]
[0.00067763]
[8.477163e-05]
[8.477163e-05]
[-0.00313152]
[-0.00029156]
[8.477163e-05]
[-0.00030512]
[0.00168559]
[-0.00015785]
[-0.00052193]
[8.477163e-05]
[8.477163e-05]
[0.00123927]
[7.061439e-05]
[8.477163e-05]
[0.00046403]
[0.00041975]
[0.00012437]
[8.477163e-05]
[0.00140295]
[0.00136244]
[-0.00030018]
[0.00012437]
[8.477163e-05]
[8.477163e-05]
[4.345151e-05]
[8.477163e-05]
[8.477163e-05]
[8.4735875e-05]
[8.4735875e-05]
[8.477163e-05]
[0.00054953]
[-0.00313152]
[0.00015294]
[8.477163e-05]
[-0.00125786]
[8.477163e-05]
[8.477163e-05]
[8.477163e-05]
[-0.00047826]
[8.477163e-05]
[0.00115873]
[8.477163e-05]
[8.477314e-05]
[8.477163e-05]
[0.00052793]
[7.2102026e-05]
[0.00168559]
[8.477163e-05]
[0.00022417]
[8.477163e-05]
[-0.00013217]
[8.477163e-05]
[-0.00010341]
[8.477163e-05]
[8.477163e-05]
[8.477163e-05]
[8.477163e-05]
[-0.00015785]
[-0.00030729]
[-0.00052193]
[0.00010237]
[8.477163e-05]
[8.477163e-05]
[8.477163e-05]
[0.00012437]
[-1.3972149e-05]
[8.477163e-05]
[-0.0002247]
[0.00023269]
[-0.00042119]
[7.061439e-05]
[-0.00030729]
[-0.00030729]
[-0.00042119]
[-0.00030512]
[8.477163e-05]
[8.477163e-05]
[0.00041975]
[8.477163e-05]
[8.477163e-05]
[8.477163e-05]
[8.477163e-05]
[0.00022355]
[8.477163e-05]
[0.00168559]
[0.00017539]
[0.00021294]
[-0.00224975]
[8.477163e-05]
[8.477163e-05]
[8.477163e-05]
[8.477163e-05]
[0.00047584]
[8.477163e-05]
[-0.00093646]
[-0.00093646]
[0.00023115]
[0.00137798]
[8.477163e-05]
[8.477163e-05]
[8.4735875e-05]
[8.477163e-05]
[0.00025948]
[0.00045257]
[0.00098185]
[0.00027568]
[0.00020494]
[-0.00011498]
[8.477163e-05]
[8.477163e-05]
[8.477163e-05]
[-0.00019299]
[7.061439e-05]
[0.00052793]
[0.00021294]
[8.477163e-05]
[0.00012437]
[8.477163e-05]
[-0.00125786]
[-0.00030512]
[0.00067763]
[8.477163e-05]
[8.477163e-05]
[8.477163e-05]
[1.5601108e-07]
[8.4735875e-05]
[0.00018091]
[-0.00030018]
[-0.00093646]
[8.477163e-05]
[8.477163e-05]
[0.00047584]
[0.0008313]
[2.5933172e-05]
[0.00018034]
[0.00102973]
[8.477163e-05]
[0.00146619]
[-7.743438e-08]
[-0.00043942]
[0.0022466]
[0.00071673]
[9.1384936e-05]
[-7.743438e-08]
[0.00071673]
[8.477163e-05]
[0.00038919]
[0.00103866]
[8.477163e-05]
[0.00128053]
[0.00132776]
[8.477163e-05]
[-0.00074717]
[6.119863e-05]
[-0.00049481]
[8.477163e-05]
[-0.00024941]
[8.477163e-05]
[0.00102973]
[0.0010399]
[8.477163e-05]
[4.242586e-05]
[8.477163e-05]
[0.00051385]
[0.00032631]
[-0.00083443]
[8.477163e-05]
[9.850535e-05]
[-0.00523368]
[8.477163e-05]
[0.00071673]
[8.477163e-05]
[8.477163e-05]
[6.0980812e-05]
[8.477163e-05]
[8.477163e-05]
[-0.00024941]
[8.477163e-05]
[0.00018595]
[8.477163e-05]
[8.477163e-05]
[8.477163e-05]
[0.00018837]
[-0.00124635]
[-0.00027551]
[8.477163e-05]
[-0.00124635]
[5.3101598e-05]
[9.1384936e-05]
[8.6009735e-05]
[8.477163e-05]
[0.00173815]
[0.00031863]
[8.477163e-05]
[8.477163e-05]
[-0.00523368]
[8.477163e-05]
[0.0009976]
[8.477163e-05]
[8.477163e-05]
[8.477163e-05]
[8.477163e-05]
[-0.00083613]
[0.00022424]
[0.00146619]
[0.00018595]
[0.00022424]
[0.0012649]
[0.00038266]
[8.477163e-05]
[0.00102973]
[0.00074464]
[8.477163e-05]
[0.00053914]
[0.00107173]
[8.477163e-05]
[0.00038266]
[0.00059302]
[0.00146619]
[0.0010399]
[0.00036559]
[0.00018837]
[0.00059299]
[0.00115873]
[0.0009661]
[-0.00173945]
[0.00071673]
[0.00047947]
[8.477163e-05]
[0.00070734]
[0.00136621]
[-0.00032296]
[6.0980812e-05]
[0.00051385]
[8.477163e-05]
[0.00074464]
[0.0009976]
[8.477163e-05]
[-7.743438e-08]
[0.00019793]
[8.477163e-05]
[-0.00173945]
[8.477163e-05]
[8.477163e-05]
[0.00074104]
[-0.00043942]
[-7.743438e-08]
[0.00096369]
[8.477163e-05]
[8.477163e-05]
[8.477163e-05]
[8.477163e-05]
[0.00069567]
[8.477163e-05]
[-5.2996842e-05]
[-0.00523368]
[8.477163e-05]
[0.0022466]
[6.0980812e-05]
[-0.00231509]
[0.00144694]
[0.00018837]
[8.477163e-05]
[0.00039888]
[8.552856e-05]
[0.00053665]
[0.00051385]
[-0.00043942]
[8.477163e-05]
[0.00013766]
[8.477163e-05]
[8.477163e-05]
[0.00037041]
[8.477163e-05]
[-0.00013776]
[8.477163e-05]
[8.477163e-05]
[8.477163e-05]
[8.477163e-05]
[8.477163e-05]
[0.00034522]
[8.477163e-05]
[0.00110257]
[2.5933172e-05]
[0.00092186]
[-0.00024941]
[0.00092186]
[8.477163e-05]
[0.00059302]
[0.00018034]
[8.477163e-05]
[-1.0544987e-05]
[8.477163e-05]
[0.00018034]
[8.477163e-05]
[0.00054953]
[8.477163e-05]
[8.477163e-05]
[0.00173941]
[8.477163e-05]
[0.00030664]
[0.00037634]
[-0.00023378]
[-0.00046423]
[8.477163e-05]
[8.477163e-05]
[8.6294516e-05]
[8.477163e-05]
[8.477163e-05]
[8.477163e-05]
[0.00013532]
[8.477163e-05]
[8.477163e-05]
[8.477163e-05]
[-5.195857e-05]
[8.477163e-05]
[-0.00684588]
[0.00109025]
[8.477163e-05]
[7.6306154e-05]
[8.477163e-05]
[8.477163e-05]
[3.0743882e-05]
[8.477163e-05]
[8.477163e-05]
[3.620529e-05]
[0.0013505]
[8.477163e-05]
[-5.195857e-05]
[0.00682107]
[8.477163e-05]
[8.477163e-05]
[-0.00021155]
[8.477163e-05]
[8.477163e-05]
[7.6306154e-05]
[0.00106351]
[8.477163e-05]
[8.477163e-05]
[4.345151e-05]
[0.00163228]
[8.477163e-05]
[8.477163e-05]
[-0.00029432]
[0.0013505]
[-0.00056853]
[8.477163e-05]
[-0.00056853]
[8.477163e-05]
[8.477163e-05]
[0.00075134]
[0.00037634]
[8.477163e-05]
[8.477163e-05]
[-3.3836346e-05]
[8.477163e-05]
[0.00013532]
[-0.00015785]
[8.477163e-05]
[8.477163e-05]
[8.477163e-05]
[8.477163e-05]
[8.477163e-05]
[8.477163e-05]
[-0.00015785]
[8.477163e-05]
[8.477163e-05]
[8.477163e-05]
[8.477163e-05]
[8.477163e-05]
[0.00013532]
[8.477163e-05]
[8.477163e-05]
[-0.00046426]
[-0.00015785]
[0.0013505]
[0.00075866]
[-0.00029918]
[0.0085151]
[0.00020025]
[0.00056623]
[8.477163e-05]
[-0.00046423]
[8.477163e-05]
[8.477163e-05]
[0.00057281]
[4.345151e-05]
[8.477163e-05]
[0.00022417]
[8.477163e-05]
[8.477163e-05]
[0.00034053]
[0.00104791]
[8.477163e-05]
[0.00047061]
[9.83497e-05]
[0.00106351]
[-0.00127467]
[0.00013532]
[8.477163e-05]
[8.446205e-05]
[0.00682107]
[8.477163e-05]
[0.00056623]
[8.477163e-05]
[8.477163e-05]
[0.00062407]
[0.00011589]
[8.477163e-05]
[8.477163e-05]
[-0.00086944]
[8.477163e-05]
[8.477163e-05]
[8.477163e-05]
[-0.00088455]
[-0.00087814]
[8.477163e-05]
[8.477163e-05]
[4.182395e-06]
[8.477163e-05]
[0.00175816]
[0.0085151]
[-0.00031422]
[8.477163e-05]
[8.477163e-05]
[0.00024907]
[7.6306154e-05]
[8.477163e-05]
[-0.00132565]
[0.00056623]
[8.477163e-05]
[8.477163e-05]
[8.477163e-05]
[8.477163e-05]
[-0.00031422]
[8.477163e-05]
[8.477163e-05]
[-4.3343083e-05]
[-0.00088455]
[8.477163e-05]
[8.477163e-05]
[-0.00046426]
[0.00081196]
[-0.00132565]
[8.477163e-05]
[0.00106351]
[-0.00088455]
[0.00061959]
[8.477163e-05]
[7.5688135e-05]
[-0.00029432]
[-0.00096688]
[-0.00023378]
[9.83497e-05]
[0.00120199]
[0.00010013]
[8.477163e-05]
[8.477163e-05]
[8.477163e-05]
[0.00075134]
[8.477163e-05]
[3.0743882e-05]
[8.477163e-05]
[6.3959924e-05]
[0.00085385]
[0.00015294]
[8.477163e-05]
[0.00103331]
[8.477163e-05]
[0.00103331]
[-0.00191418]
[0.00506693]
[0.00031877]
[0.00103331]
[8.477163e-05]
[0.00063614]
[7.936267e-05]
[8.477163e-05]
[8.477163e-05]
[0.00057321]
[-0.00332597]
[0.0012916]
[0.00028936]
[-0.00115717]
[-0.00191349]
[0.00049164]
[0.00167302]
[8.477163e-05]
[0.00045755]
[0.00103331]
[8.477163e-05]
[3.4389595e-05]
[8.477163e-05]
[6.3959924e-05]
[3.4389595e-05]
[8.477163e-05]
[-0.00133091]
[8.477163e-05]
[8.477163e-05]
[8.477163e-05]
[-0.00126037]
[8.477163e-05]
[0.00031877]
[0.0012916]
[8.477163e-05]
[8.477163e-05]
[8.477163e-05]
[8.477163e-05]
[0.0008749]
[4.242586e-05]
[8.477163e-05]
[0.00061462]
[8.477163e-05]
[0.00141853]
[0.00028936]
[0.00111726]
[8.477163e-05]
[-0.00418909]
[8.477163e-05]
[0.00109247]
[0.00035743]
[0.00048969]
[8.477163e-05]
[5.480011e-05]
[3.4389595e-05]
[3.4389595e-05]
[0.00141233]
[-0.00018341]
[8.477163e-05]
[0.00023293]
[0.00102112]
[0.00021981]
[5.480011e-05]
[4.242586e-05]
[-0.00046442]
[8.477163e-05]
[8.477163e-05]
[8.477163e-05]
[8.477163e-05]
[8.477163e-05]
[8.477163e-05]
[8.477163e-05]
[-0.00159456]
[0.00049164]
[8.477163e-05]
[-0.00028056]
[8.477163e-05]
[6.3959924e-05]
[0.00158807]
[8.477163e-05]
[8.477163e-05]
[6.3959924e-05]
[5.480011e-05]
[8.477163e-05]
[8.477163e-05]
[0.00506693]
[-0.00336991]
[8.477163e-05]
[0.00010628]
[0.00141853]
[0.00029248]
[8.477163e-05]
[0.00010431]
[8.477163e-05]
[-0.00053853]
[0.00241769]
[8.477163e-05]
[0.00034219]
[8.477163e-05]
[-0.00071311]
[8.477163e-05]
[8.477163e-05]
[0.0013666]
[0.00010628]
[-0.00048008]
[0.00053919]
[3.4389595e-05]
[8.477163e-05]
[5.480011e-05]
[0.00045755]
[8.477163e-05]
[-0.00336991]
[8.477163e-05]
[8.477163e-05]
[8.477163e-05]
[8.477163e-05]
[8.477163e-05]
[8.477163e-05]
[-5.195857e-05]
[6.3959924e-05]
[8.477163e-05]
[0.00106361]
[0.0012916]
[3.4389595e-05]
[0.00053919]
[-5.195857e-05]
[8.477163e-05]
[0.00054182]
[8.477163e-05]
[0.00053919]
[-0.00115717]
[0.0004345]
[0.00049164]
[8.477163e-05]
[0.00035743]
[8.477163e-05]
[3.4389595e-05]
[0.0015526]
[0.00053919]
[8.2976156e-05]
[0.00015294]
[-0.00191349]
[3.4389595e-05]
[8.477163e-05]
[8.477163e-05]
[0.00053919]
[0.0003969]
[-0.00016302]
[0.00087288]
[0.00057321]
[8.477163e-05]
[8.477163e-05]
[0.00023935]
[0.0015526]
[8.477163e-05]
[8.477163e-05]
[-0.00159456]
[8.477163e-05]
[0.00126034]
[8.477163e-05]
[8.477163e-05]
[8.477163e-05]
[8.4744126e-05]
[8.477163e-05]
[8.477163e-05]
[8.477163e-05]
[8.477163e-05]
[8.477163e-05]
[0.00057311]
[-0.0027785]
[0.00051741]
[0.00188937]
[0.00042372]
[4.242586e-05]
[-0.00099292]
[8.477163e-05]
[0.00010631]
[8.477163e-05]
[8.477163e-05]
[8.477163e-05]
[8.477163e-05]
[8.477163e-05]
[8.477163e-05]
[-8.76507e-06]
[0.00021588]
[9.09581e-05]
[8.477163e-05]
[0.00010631]
[8.477163e-05]
[-0.00012391]
[-0.0027785]
[-2.4569716e-05]
[8.477163e-05]
[0.00072226]
[-0.00014819]
[8.477163e-05]
[0.00035879]
[0.00033268]
[-0.00015785]
[8.477163e-05]
[0.00033268]
[8.477163e-05]
[0.00014315]
[0.0003169]
[0.00084486]
[9.09581e-05]
[8.477163e-05]
[8.477163e-05]
[8.477163e-05]
[8.477163e-05]
[0.00118323]
[8.477163e-05]
[0.00033268]
[8.477163e-05]
[0.00028788]
[7.007975e-05]
[8.477163e-05]
[8.477163e-05]
[8.477163e-05]
[8.477163e-05]
[8.477163e-05]
[0.00032096]
[8.477163e-05]
[8.477163e-05]
[-0.0027785]
[8.477163e-05]
[8.477163e-05]
[-0.00057738]
[8.477163e-05]
[-0.0002089]
[8.477163e-05]
[0.00040602]
[8.477163e-05]
[0.00035879]
[-1.8756313e-05]
[0.00118323]
[0.00131093]
[0.00012949]
[-0.00031824]
[8.477163e-05]
[8.477163e-05]
[0.00129621]
[0.00025793]
[8.477163e-05]
[8.477163e-05]
[8.477163e-05]
[8.477163e-05]
[8.477163e-05]
[8.477163e-05]
[-5.195857e-05]
[8.4744126e-05]
[8.477163e-05]
[8.477163e-05]
[8.477163e-05]
[0.00014315]
[8.477163e-05]
[8.477163e-05]
[8.477163e-05]
[3.4032884e-05]
[8.477163e-05]
[8.477163e-05]
[-8.76507e-06]
[-0.00031824]
[8.477163e-05]
[5.4677126e-05]
[-5.195857e-05]
[8.477163e-05]
[9.09581e-05]
[0.00052755]
[8.477163e-05]
[8.477163e-05]
[0.00224256]
[8.477163e-05]
[8.477163e-05]
[8.477163e-05]
[8.477163e-05]
[-3.8250437e-06]
[-0.0002089]
[-1.5663172e-05]
[8.477163e-05]
[-0.00015785]
[0.00052755]
[8.477163e-05]
[0.00224256]
[9.09581e-05]
[8.477163e-05]
[-0.00011915]
[1.4134352e-05]
[0.00173671]
[8.477163e-05]
[0.0003169]
[8.477163e-05]
[8.477163e-05]
[8.477163e-05]
[0.00094835]
[0.00016338]
[0.00037937]
[8.477163e-05]
[8.477163e-05]
[8.477163e-05]
[8.477163e-05]
[8.477163e-05]
[8.477163e-05]
[0.00057311]
[-2.4569716e-05]
[-0.00011915]
[9.511263e-05]
[8.477163e-05]
[0.000481]
[8.477163e-05]
[8.477163e-05]
[-8.76507e-06]
[8.477163e-05]
[0.00025793]
[0.00016398]
[-0.00011915]
[8.477163e-05]
[0.00042372]
[0.00018091]
[8.477163e-05]
[0.00129742]
[0.0002538]
[8.477163e-05]
[0.00028788]
[8.477163e-05]
[9.091565e-05]
[0.0001049]
[8.477163e-05]
[-0.00015785]
[8.477163e-05]
[0.00097084]
[0.00018091]
[8.477163e-05]
[8.477163e-05]
[8.8158486e-05]
[0.00057627]
[0.00023364]
[0.00097084]
[8.477163e-05]
[-0.00038662]
[0.00035118]
[8.8158486e-05]
[0.00018636]
[8.477163e-05]
[-0.00034219]
[0.00025821]
[8.477163e-05]
[8.477163e-05]
[8.477163e-05]
[8.477163e-05]
[-0.00189571]
[0.00050835]
[8.477163e-05]
[-0.00015785]
[-5.195857e-05]
[0.00010634]
[0.00010332]
[8.477163e-05]
[2.1402273e-05]
[-5.195857e-05]
[8.477163e-05]
[0.00018091]
[0.00050835]
[8.477163e-05]
[8.477163e-05]
[-0.00088028]
[0.000519]
[8.477163e-05]
[-0.00140657]
[0.00022283]
[0.00047404]
[9.015876e-05]
[0.00011355]
[8.477163e-05]
[7.464434e-05]
[-3.5445497e-05]
[8.8158486e-05]
[-0.00189571]
[0.00292569]
[8.477163e-05]
[8.477163e-05]
[-5.195857e-05]
[0.00031137]
[8.477163e-05]
[0.00033887]
[-0.0006886]
[0.00087182]
[0.00012791]
[8.477163e-05]
[0.00022417]
[8.477163e-05]
[-0.00249672]
[8.477163e-05]
[-5.195857e-05]
[0.00013386]
[8.477163e-05]
[0.00022283]
[8.477163e-05]
[8.477163e-05]
[0.00037913]
[8.477163e-05]
[8.477163e-05]
[0.0004743]
[0.00022417]
[-0.00015785]
[-0.00027646]
[8.4721265e-05]
[0.00013386]
[0.00057627]
[0.00050835]
[0.00011522]
[8.477163e-05]
[8.477163e-05]
[8.477163e-05]
[0.00037913]
[8.477163e-05]
[-0.00189571]
[8.477163e-05]
[-0.00249672]
[8.477163e-05]
[0.00033887]
[8.477163e-05]
[0.00038216]
[8.477163e-05]
[0.00097084]
[-0.00282483]
[-0.00045509]
[8.4721265e-05]
[-0.00396837]
[0.00018091]
[0.00044919]
[-0.00011498]
[-0.00088842]
[8.477163e-05]
[8.477163e-05]
[8.477163e-05]
[0.00087629]
[-5.195857e-05]
[-0.00088028]
[0.00102303]
[0.00013386]
[0.00010328]
[8.477163e-05]
[8.477163e-05]
[-3.5445497e-05]
[0.0005833]
[8.477163e-05]
[0.00047404]
[-0.00051434]
[0.00136621]
[0.00044919]
[-0.00045509]
[0.00010332]
[8.8158486e-05]
[-0.00140657]
[0.00069201]
[0.00087629]
[8.477163e-05]
[0.00030118]
[0.00038216]
[-0.00225469]
[-0.00124591]
[0.00057627]
[-0.00156227]
[0.00010634]
[8.477163e-05]
[-0.00040569]
[8.477163e-05]
[8.477163e-05]
[0.00025821]
[-3.5445497e-05]
[8.477163e-05]
[-0.0013467]
[0.00051884]
[9.015876e-05]
[-0.00124591]
[8.477163e-05]
[8.477163e-05]
[-3.5445497e-05]
[8.477163e-05]
[-0.00015785]
[8.477163e-05]
[0.00057627]
[8.477163e-05]
[-0.00225469]
[8.477163e-05]
[8.477163e-05]
[8.477163e-05]
[6.770959e-05]
[-0.00022571]
[8.477163e-05]
[8.477163e-05]
[8.477163e-05]
[-3.3836346e-05]
[0.00043152]
[8.477163e-05]
[-0.00015099]
[0.00171629]
[8.477163e-05]
[-0.00172797]
[0.0002886]
[8.477163e-05]
[0.00029526]
[-5.379736e-05]
[8.477163e-05]
[0.00123547]
[3.150929e-05]
[8.477163e-05]
[8.477163e-05]
[8.477163e-05]
[8.477163e-05]
[8.477163e-05]
[-0.00020108]
[-0.00015099]
[8.477163e-05]
[8.477163e-05]
[0.0002886]
[0.00027699]
[8.477163e-05]
[0.00063253]
[0.00074624]
[3.150929e-05]
[8.477163e-05]
[0.00034487]
[8.477163e-05]
[9.6515665e-05]
[0.00042917]
[8.477163e-05]
[-0.00015785]
[8.477163e-05]
[8.477163e-05]
[8.477163e-05]
[8.477163e-05]
[8.477163e-05]
[8.477163e-05]
[-0.00060043]
[-0.00091332]
[8.477163e-05]
[8.477163e-05]
[-0.000149]
[8.477163e-05]
[8.477163e-05]
[8.477163e-05]
[0.00116942]
[0.00093709]
[-0.00133523]
[0.00121275]
[0.00034487]
[-0.00172468]
[0.00031137]
[0.00018091]
[8.477163e-05]
[-0.00015785]
[8.477163e-05]
[-0.00045928]
[-0.00015117]
[8.477163e-05]
[8.477163e-05]
[8.477163e-05]
[8.477163e-05]
[-0.00091332]
[8.477163e-05]
[8.477163e-05]
[8.477163e-05]
[0.00062411]
[-3.3836346e-05]
[0.00101228]
[6.770959e-05]
[8.477163e-05]
[-0.00133523]
[8.477163e-05]
[-0.00133523]
[8.477163e-05]
[8.477163e-05]
[8.477163e-05]
[0.00162558]
[9.6515665e-05]
[0.00016968]
[8.477163e-05]
[8.477163e-05]
[8.477163e-05]
[0.00101813]
[8.477163e-05]
[8.477163e-05]
[8.477163e-05]
[8.477163e-05]
[8.477163e-05]
[8.477163e-05]
[8.477163e-05]
[-0.00050207]
[0.00037613]
[8.477163e-05]
[0.00059426]
[0.00063246]
[8.477163e-05]
[0.00029526]
[0.00048107]
[8.477163e-05]
[0.00116942]
[0.00202051]
[8.477163e-05]
[-0.00172797]
[8.477163e-05]
[8.477163e-05]
[8.477163e-05]
[0.00090999]
[0.00033117]
[8.477163e-05]
[0.00018091]
[8.477163e-05]
[8.477163e-05]
[0.00123547]
[8.477163e-05]
[7.473516e-05]
[8.477163e-05]
[0.00101228]
[0.00121275]
[8.477163e-05]
[8.477163e-05]
[0.00059426]
[0.00048107]
[8.477163e-05]
[6.770959e-05]
[-0.00176326]
[-6.6569737e-06]
[-0.000149]
[8.477163e-05]
[8.477163e-05]
[0.00116942]
[0.00034487]
[8.477163e-05]
[3.150929e-05]
[8.477163e-05]
[-0.000149]
[8.477163e-05]
[-0.00015785]
[0.00026901]
[6.770959e-05]
[0.0005489]
[0.00018204]
[0.000256]
[-0.00208646]
[0.00018091]
[-0.00020108]
[0.00014724]
[0.00014724]
[0.00062397]
[8.477163e-05]
[-0.00137451]
[0.00062397]
[0.00029269]
[8.477163e-05]
[-0.00106284]
[-0.00106284]
[0.00014724]
[8.477163e-05]
[8.477163e-05]
[8.477163e-05]
[0.00030876]
[8.477163e-05]
[8.477163e-05]
[0.00062397]
[-0.00045927]
[0.00292695]
[-0.00108006]
[-0.00108006]
[0.00062397]
[-6.042003e-05]
[8.477163e-05]
[0.00164193]
[0.00136441]
[0.00014724]
[8.477163e-05]
[0.00068453]
[0.00068453]
[-6.042003e-05]
[0.00292695]
[0.00030876]
[0.00014724]
[0.00038848]
[8.477163e-05]
[0.00038848]
[-6.042003e-05]
[8.477163e-05]
[0.00030876]
[0.00038848]
[0.00014724]
[8.477163e-05]
[-6.042001e-05]
[0.00292695]
[0.00164193]
[0.00062397]
[-0.00106284]
[0.00014724]
[8.477163e-05]
[-6.042003e-05]
[8.477163e-05]
[8.477163e-05]
[8.477163e-05]
[0.00078085]
[0.00193493]
[8.477163e-05]
[0.00062397]
[0.00014724]
[-6.042003e-05]
[0.00136441]
[0.00030876]
[8.477163e-05]
[0.00797855]
[8.477163e-05]
[0.00020731]
[0.00094011]
[8.477163e-05]
[-0.00223585]
[0.00039405]
[-0.00223585]
[0.00107241]
[8.477163e-05]
[0.00071477]
[0.00107241]
[0.00797855]
[0.00039405]
[-0.00223585]
[-0.00040163]
[0.00033571]
[0.00797855]
[0.0006225]
[0.00803589]
[-0.00223585]
[0.00094011]
[0.00803589]
[8.477163e-05]
[8.477163e-05]
[0.00107241]
[0.00130209]
[0.00033571]
[8.477163e-05]
[0.00037732]
[0.00039405]
[0.00130209]
[0.0006225]
[0.00171573]
[0.00171573]
[8.477163e-05]
[0.00797855]
[0.00171573]
[0.00797855]
[0.00020731]
[0.00797855]
[-0.00223585]
[0.00033571]
[-0.00040163]
[0.00130209]
[-0.00040163]
[-0.00223585]
[0.00020731]
[-0.00223585]
[0.00803589]
[0.00071477]
[0.00107241]
[0.00094011]
[-0.00040163]
[-0.00040163]
[0.00020731]
[0.00055794]
[0.0006225]
[0.00020731]
[0.00094011]
[0.00020731]
[0.00071477]
[-0.00040163]
[0.00033571]
[0.00039405]
[0.00130209]
[-0.00040163]
[8.477163e-05]
[0.00107241]
[-0.00326205]
[-0.00326205]
[0.0006223]
[0.00030675]
[0.00153181]
[8.820272e-05]
[-0.00134963]
[0.00647275]
[0.00040019]
[-0.00102201]
[-0.00294522]
[0.00040019]
[0.00191143]
[-0.00326205]
[0.00647275]
[-0.00326205]
[0.00078701]
[-0.00144671]
[-0.00326205]
[0.00078701]
[0.00191143]
[-0.00117395]
[-0.00054308]
[-0.00102201]
[-0.00144671]
[-0.00104453]
[-0.00073366]
[0.00153181]
[0.00078701]
[0.00030675]
[-0.00294522]
[-0.00294522]
[0.00040019]
[-0.00102201]
[0.00040019]
[-0.00054308]
[-0.00144671]
[-0.00054308]
[-0.00117395]
[-0.00144671]
[-0.00073366]
[-0.00102201]
[0.01230761]
[0.01230761]
[-0.00326205]
[0.00078701]
[-0.00144671]
[0.00153181]
[0.0006223]
[0.00191143]
[-0.00054308]
[-0.00144671]
[-0.00134963]
[-0.00326205]
[0.00078701]
[-0.00134963]
[7.920155e-05]
[0.00040019]
[0.00647275]
[-0.00073366]
[-0.00073366]
[0.0006223]
[0.00647275]
[0.00153181]
[8.477163e-05]
[-0.00054308]
[0.00040019]
[0.00647275]
[-0.00326205]
[8.477163e-05]
[-0.00054308]
[7.920155e-05]
[-0.00294522]
[-0.0031754]
[-0.00326205]
[-0.00104453]
[0.0005078]
[-0.00134963]
[0.00040019]
[8.477163e-05]
[0.01230761]
[-0.00117395]
[8.477163e-05]
[8.477163e-05]
[-0.00133874]
[8.477163e-05]
[0.00045421]
[8.477163e-05]
[8.477163e-05]
[0.00142101]
[8.477163e-05]
[0.00084401]
[8.477163e-05]
[8.477163e-05]
[8.40913e-06]
[0.00084401]
[5.9127357e-05]
[8.477163e-05]
[0.00066909]
[8.477163e-05]
[-0.00133874]
[-0.00032161]
[0.00138125]
[-0.00133874]
[8.477163e-05]
[8.477163e-05]
[5.9127357e-05]
[0.00052079]
[0.00018685]
[8.477163e-05]
[0.00018685]
[0.00142101]
[8.477163e-05]
[0.00045421]
[-2.9489182e-05]
[8.477163e-05]
[-8.058251e-05]
[-8.058251e-05]
[-0.0032672]
[0.00084401]
[0.00045421]
[8.477163e-05]
[8.477163e-05]
[8.477163e-05]
[-0.00032161]
[8.477163e-05]
[-0.0032672]
[-2.9489182e-05]
[0.00052079]
[-0.0032672]
[-8.058251e-05]
[8.40913e-06]
[8.477163e-05]
[-8.058251e-05]
[0.00142101]
[8.477163e-05]
[-0.00133874]
[8.477163e-05]
[8.477163e-05]
[-0.00133874]
[8.477163e-05]
[0.00045421]
[-0.00032161]
[-0.0032672]
[-2.9489182e-05]
[-2.9489182e-05]
[0.00084401]
[8.477163e-05]
[0.00018685]
[0.00052079]
[-2.9489182e-05]
[0.00066909]
[8.477163e-05]
[-0.0032672]
[8.477163e-05]
[8.477163e-05]
[0.00018685]
[8.477163e-05]
[0.00076178]
[-0.00056467]
[0.00076178]
[0.00037064]
[0.00076178]
[0.00121854]
[-0.00026254]
[-0.00056467]
[0.00027451]
[6.136947e-05]
[0.00400603]
[-0.0004788]
[0.00400603]
[7.921211e-05]
[0.0003225]
[-0.00026254]
[0.00261847]
[0.00287324]
[0.00400603]
[0.00027451]
[0.00189808]
[0.00076178]
[0.00231484]
[0.00045127]
[-0.00062519]
[0.00037064]
[0.00045127]
[8.047743e-05]
[-0.00067948]
[-0.00211392]
[0.00045127]
[-0.00071298]
[0.00400603]
[7.921211e-05]
[0.00037064]
[0.00400603]
[0.00076178]
[-0.00071298]
[-0.00445517]
[8.047743e-05]
[0.001456]
[-0.00056467]
[0.00287324]
[-0.00056467]
[0.00283168]
[7.921211e-05]
[0.00037064]
[0.00027451]
[0.00045127]
[-0.00062519]
[-0.00445517]
[7.921211e-05]
[0.00287324]
[-0.00067948]
[0.0003225]
[-0.00026254]
[8.047743e-05]
[8.047743e-05]
[5.967554e-05]
[-0.00026254]
[5.967554e-05]
[0.00076178]
[-0.00062519]
[0.00037064]
[-0.00071298]
[-0.00026254]
[-0.0004788]
[-0.00056467]
[0.00038429]
[8.047743e-05]
[0.00038429]
[0.00076178]
[-0.0004788]
[7.9212026e-05]
[0.00261847]
[-0.0004788]
[0.00283168]
[0.00400603]
[0.0003225]
[0.00261847]
[0.00038429]
[0.00038429]
[5.967554e-05]
[5.967554e-05]
[0.00045127]
[5.9428472e-05]
[0.00028328]
[-0.00123678]
[0.00170222]
[0.00294431]
[0.00023642]
[8.477163e-05]
[0.00282201]
[0.00171696]
[-0.0033827]
[0.00163899]
[5.9428472e-05]
[0.00170222]
[0.00023642]
[-6.0221686e-05]
[-0.0033827]
[-0.00081305]
[0.00170222]
[0.00022583]
[9.155083e-06]
[8.477163e-05]
[8.477163e-05]
[9.155083e-06]
[0.00023642]
[-0.00015785]
[-0.00015785]
[-0.00081305]
[9.155083e-06]
[9.155083e-06]
[0.00170222]
[0.00028328]
[-0.00015785]
[0.00022583]
[9.155083e-06]
[0.00085338]
[0.00294431]
[0.00028328]
[0.00022583]
[0.00022583]
[-6.0221686e-05]
[0.00282201]
[-0.00123678]
[0.00171696]
[0.00282201]
[0.00282201]
[-0.00123678]
[0.00163899]
[8.477163e-05]
[0.00163899]
[0.00034606]
[0.00294431]
[-0.0033827]
[0.00018173]
[-0.0033827]
[0.00022583]
[5.9428472e-05]
[8.477163e-05]
[5.9428472e-05]
[5.9428472e-05]
[0.00282201]
[0.00034606]
[0.00113362]
[0.00113362]
[-0.00051023]
[0.00165152]
[8.477163e-05]
[9.894489e-05]
[-0.000356]
[-0.00012942]
[-0.00068132]
[-0.00270414]
[0.00078121]
[0.00165152]
[-0.000618]
[0.00165152]
[3.4554978e-07]
[-0.000618]
[-0.00072079]
[-0.00068132]
[8.477163e-05]
[9.894489e-05]
[-0.00270414]
[0.00032155]
[8.477163e-05]
[-0.00116381]
[-0.00090497]
[0.00140002]
[0.00017989]
[0.00017989]
[0.00140002]
[-0.00270414]
[8.477163e-05]
[8.477163e-05]
[-0.00270414]
[0.00522441]
[8.477163e-05]
[8.477163e-05]
[0.00053865]
[-0.00090497]
[0.00078121]
[9.2663686e-05]
[0.00165152]
[-0.00090497]
[0.00017989]
[0.00165152]
[-0.00116381]
[0.00140002]
[-0.00068132]
[8.477163e-05]
[3.4554978e-07]
[-0.00270414]
[8.477163e-05]
[0.00140002]
[0.00053865]
[3.4554978e-07]
[0.00053865]
[0.00053865]
[0.00017989]
[0.00165152]
[-0.00068132]
[-0.0001883]
[0.00522441]
[0.00017989]
[9.894489e-05]
[0.00053865]
[-0.00270414]
[8.477163e-05]
[-0.00090497]
[7.678923e-05]
[-0.000618]
[0.00053865]
[7.678923e-05]
[-0.000356]
[0.00165152]
[8.477163e-05]
[7.678923e-05]
[-0.00116381]
[0.002795]
[9.2663686e-05]
[7.678923e-05]
[0.00165152]
[0.00165152]
[-0.0001883]
[-0.00090497]
[-1.8382465e-05]
[-0.00603069]
[-0.00121147]
[-0.00097962]
[-0.00073908]
[0.00656371]
[0.00656371]
[0.00360836]
[-0.00121147]
[-0.001194]
[4.981077e-06]
[0.0008837]
[4.981077e-06]
[-0.00103129]
[-0.00073908]
[-0.0001991]
[-0.00164387]
[0.00656371]
[-0.00168377]
[-0.00073908]
[0.00374862]
[4.8241527e-05]
[4.981077e-06]
[4.6056353e-05]
[-0.00164387]
[-0.00168377]
[-0.00168377]
[-0.00121147]
[-0.00603069]
[-0.00164387]
[-9.683579e-05]
[-0.001194]
[-0.00164387]
[-0.0001991]
[4.981077e-06]
[-0.00103129]
[0.0008837]
[-0.00073908]
[-0.00164387]
[4.6056353e-05]
[0.0008837]
[-0.00164387]
[-0.00121147]
[-0.00168377]
[-0.00073908]
[4.8241527e-05]
[0.00374862]
[-0.00073908]
[4.8241527e-05]
[0.00346888]
[0.00656371]
[0.0008837]
[4.6056353e-05]
[0.00156845]
[0.00374862]
[-0.00073908]
[0.00656371]
[0.00156845]
[-9.683579e-05]
[-5.7039695e-05]
[-0.00192846]
[-0.00192846]
[-0.00141103]
[-0.00149939]
[0.00010182]
[0.00016696]
[-0.00063114]
[0.00019651]
[0.00028871]
[-0.00110511]
[0.00028871]
[8.477163e-05]
[-0.00141103]
[0.00016696]
[0.00179403]
[-0.00240001]
[-0.00091471]
[0.00010182]
[0.00016696]
[-5.7039695e-05]
[0.00018735]
[8.477163e-05]
[0.00018735]
[0.00212037]
[0.00212037]
[8.477163e-05]
[0.00212037]
[0.00028871]
[0.00019651]
[0.00016696]
[-0.00141103]
[8.477163e-05]
[-5.7039695e-05]
[-0.00110511]
[-0.0006363]
[-5.7039695e-05]
[8.477163e-05]
[0.00019651]
[-0.0006363]
[8.477163e-05]
[8.477163e-05]
[8.477163e-05]
[0.00018735]
[-0.00063114]
[0.00192516]
[-0.00192846]
[0.00028871]
[-0.00063114]
[8.477163e-05]
[8.477163e-05]
[8.477163e-05]
[-0.00091471]
[0.00028871]
[8.477163e-05]
[-0.00141103]
[-0.00278792]
[8.477163e-05]
[-0.00063114]
[0.00212037]
[0.00019651]
[8.477163e-05]
[0.00010182]
[-0.0006363]
[-0.00110511]
[-0.00192846]
[8.477163e-05]
[-5.7039695e-05]
[-0.00063114]
[0.00179403]
[-0.00091471]
[0.00019651]
[8.477163e-05]
[-5.7039695e-05]
[-0.00149939]
[0.00016696]
[-0.00168155]
[-0.00091595]
[0.00092674]
[0.00336883]
[-0.00108949]
[-0.00011546]
[-0.00030158]
[-0.00168155]
[-0.00030158]
[0.00092674]
[-0.00166666]
[-5.953916e-05]
[0.00336883]
[0.00157644]
[-0.00168155]
[-0.00108949]
[-0.00089024]
[8.477163e-05]
[0.00057597]
[-0.00011546]
[0.00057597]
[-0.0012363]
[-0.00181052]
[-0.01862633]
[-0.00089024]
[-0.00030158]
[-0.00053858]
[-0.00092968]
[0.00222461]
[-0.00166666]
[-0.00011546]
[0.00092674]
[0.00092674]
[0.00157644]
[-0.00092968]
[0.00157644]
[0.00092674]
[-0.00168155]
[0.00253017]
[0.00222461]
[-0.00030703]
[-0.00030703]
[-0.00056084]
[-0.00168155]
[0.00238684]
[-0.00108949]
[-0.00092968]
[-0.00089024]
[-5.953916e-05]
[0.00336883]
[0.00222461]
[-0.00181052]
[-0.00011546]
[-0.00089024]
[-0.00168155]
[-0.01862633]
[0.00148496]
[-0.00092968]
[-0.00089024]
[0.00253017]
[0.00222461]
[-0.00168155]
[0.00404888]
[-0.00091595]
[0.00157644]
[-0.00056084]
[-0.00166666]
[0.00336883]
[-0.00166666]
[0.00092674]
[-0.01862633]
[-0.00108949]
[0.00253017]
[-0.01862633]
[-0.00166666]
[-0.00080972]
[0.00047746]
[-0.00028966]
[-0.00171934]
[0.00051173]
[-0.00180449]
[6.355982e-05]
[0.00057519]
[-0.00080972]
[-0.00080972]
[-0.00040813]
[-0.00176638]
[6.355982e-05]
[8.477163e-05]
[-0.00040813]
[-0.00035644]
[-0.00028966]
[8.477163e-05]
[-0.00028966]
[-0.00176638]
[-0.00080972]
[-0.00099039]
[-0.00040813]
[-0.00040392]
[-2.8017097e-05]
[-0.00035644]
[0.00051173]
[6.355982e-05]
[8.477163e-05]
[-2.8017097e-05]
[-0.00171934]
[0.00115198]
[0.00057519]
[-0.00050098]
[-0.00035644]
[-0.0009724]
[8.477163e-05]
[8.477163e-05]
[0.00047746]
[8.477163e-05]
[-0.00176638]
[0.00057519]
[-0.00040392]
[-0.00142269]
[6.355982e-05]
[-0.00099039]
[-2.8017097e-05]
[-2.8017097e-05]
[0.00051173]
[-2.80171e-05]
[-0.00142269]
[6.355982e-05]
[8.477163e-05]
[-0.00035644]
[-0.00101582]
[0.00057519]
[6.355982e-05]
[0.00115198]
[0.00115198]
[-0.00040813]
[-0.00101582]
[-0.00028966]
[-2.8017097e-05]
[-0.00176638]
[-0.00028966]
[-0.00142269]
[-0.00080972]
[-0.00040392]
[-0.0009724]
[-0.00176638]
[0.00047746]
[-0.00040813]
[-0.00080972]
[-0.00176638]
[6.355982e-05]
