[0.00041171]
[0.00062012]
[-7.524482e-05]
[0.00102711]
[0.00409196]
[0.00098638]
[0.00041171]
[0.00036705]
[0.0004028]
[0.00039226]
[0.00045623]
[-0.0001838]
[0.00041171]
[0.00041171]
[0.00041171]
[0.00041171]
[0.00041171]
[0.0004028]
[0.00041171]
[-0.0001838]
[0.0003453]
[0.00144599]
[0.00041171]
[0.00041171]
[0.00041171]
[0.00041171]
[0.00041171]
[0.00044069]
[0.00037937]
[0.00041171]
[0.00041171]
[0.00041171]
[0.00041171]
[0.00043028]
[0.00041171]
[0.00041171]
[0.00041171]
[0.00041171]
[-7.524482e-05]
[0.00041171]
[0.00041171]
[0.0001466]
[0.00041171]
[0.00041171]
[0.00043434]
[8.958377e-05]
[0.00041171]
[0.00041171]
[0.0003653]
[0.00039997]
[0.00041171]
[0.00099609]
[0.00036705]
[0.00041171]
[0.00025857]
[0.00041171]
[0.00039828]
[0.00041171]
[0.00041171]
[0.00047301]
[0.00041171]
[0.00052324]
[0.00041171]
[0.00036705]
[0.00041171]
[0.00041171]
[0.00029769]
[0.0003929]
[-0.00010016]
[0.00041171]
[0.00041171]
[0.00041171]
[0.00041171]
[0.00041171]
[0.00041171]
[0.00041171]
[0.00041171]
[0.00041171]
[0.00013421]
[0.00041171]
[0.0003653]
[0.00041171]
[0.00041171]
[0.00041171]
[0.00041171]
[0.0006938]
[0.00041171]
[0.00036705]
[0.00041185]
[0.00041185]
[0.00041171]
[0.00041171]
[0.00041171]
[0.00057696]
[0.00041171]
[0.00041171]
[0.00045602]
[0.00057139]
[-0.00022609]
[0.00099609]
[-0.00022609]
[0.00042441]
[0.00038494]
[0.00053103]
[0.00041171]
[0.00041171]
[0.00041171]
[0.00044069]
[0.00029769]
[0.00053103]
[0.00041171]
[0.00041171]
[0.00024229]
[0.00041171]
[0.00045602]
[0.00041171]
[0.00041171]
[0.00041171]
[0.00041171]
[0.00041171]
[0.00041171]
[0.00016632]
[8.958377e-05]
[0.00041171]
[0.00041185]
[0.00041171]
[0.00041171]
[0.00041171]
[0.0001491]
[0.00016612]
[0.00066485]
[0.00064605]
[0.00041171]
[0.00036876]
[0.00041171]
[0.00041171]
[0.00041185]
[0.00041171]
[0.00041171]
[0.00037316]
[0.00039081]
[0.00041171]
[0.00041171]
[0.00041171]
[0.00041171]
[0.00016632]
[0.00041171]
[0.00041171]
[0.00041171]
[0.00041171]
[5.4548356e-05]
[0.00041171]
[0.00039997]
[0.00041171]
[0.00165535]
[0.00099609]
[0.00041171]
[0.00041171]
[0.00041486]
[0.00054934]
[0.00041171]
[0.00041158]
[0.00041171]
[0.00047301]
[0.00041171]
[0.00038494]
[0.00041171]
[-0.00022609]
[0.00041171]
[0.00041171]
[0.00041185]
[0.00041171]
[0.00078444]
[0.00037316]
[0.00041171]
[0.00041171]
[0.0001915]
[0.00041171]
[0.00037316]
[0.00041171]
[0.00041171]
[0.00033552]
[0.00041171]
[0.00025857]
[0.00041171]
[0.00045602]
[0.00041171]
[0.0001466]
[0.00036876]
[0.00099609]
[0.00041171]
[0.00041171]
[0.00069209]
[0.00041171]
[0.00041171]
[0.0002324]
[0.00041171]
[0.00043352]
[0.00041171]
[0.00041171]
[0.00041185]
[0.00026188]
[0.00041171]
[0.00041171]
[0.00041171]
[0.00036705]
[0.00041171]
[0.00041171]
[0.00041171]
[0.00158346]
[0.00041171]
[0.00041171]
[0.00041171]
[0.00041171]
[0.00043434]
[0.00055227]
[0.00041171]
[0.00044069]
[0.00048756]
[0.00051788]
[0.0001915]
[0.00041171]
[0.00044233]
[0.00041171]
[0.00037491]
[0.00041171]
[0.00050299]
[0.00102711]
[0.00041171]
[0.00031678]
[0.00023999]
[0.00041171]
[0.00041171]
[0.00066485]
[0.00041171]
[0.00041171]
[0.00041171]
[0.00041171]
[0.0001915]
[0.00025806]
[0.0003453]
[0.00041171]
[0.00041171]
[0.00069572]
[-6.313378e-05]
[0.00100762]
[0.00041171]
[-0.00082254]
[0.00041171]
[0.00041171]
[0.0005419]
[0.00041171]
[0.00041171]
[0.00139239]
[0.00244692]
[0.00104089]
[0.00035036]
[0.00041171]
[0.00041171]
[0.00139239]
[0.00041171]
[0.00043247]
[0.00158346]
[0.00041171]
[0.00244692]
[0.00041171]
[0.00041171]
[0.00041171]
[0.00025806]
[0.00041171]
[0.00041171]
[0.00035036]
[0.00055227]
[0.00041171]
[0.00041171]
[0.00041171]
[-0.00013088]
[0.00041171]
[0.00041171]
[0.0004941]
[0.00041171]
[0.00041171]
[0.00168772]
[0.00051788]
[0.00069572]
[0.00041171]
[0.00023999]
[0.00041171]
[0.00041171]
[0.00041171]
[0.00041171]
[0.00041171]
[0.00041171]
[0.00066485]
[0.00040009]
[-6.7449604e-05]
[0.00041171]
[0.00037491]
[0.00035036]
[0.00041171]
[0.00041171]
[0.00041171]
[0.00041171]
[0.00041171]
[0.00041171]
[0.00158346]
[0.00158346]
[0.00041171]
[0.00041171]
[-6.313378e-05]
[-0.00013088]
[0.0005419]
[0.00041171]
[0.00041171]
[0.00039767]
[0.00041171]
[0.00041171]
[0.00041171]
[0.00041171]
[0.00038942]
[0.00041171]
[0.00041171]
[0.00041171]
[-0.00013088]
[0.00048756]
[0.00041171]
[0.00062012]
[0.00041171]
[0.00041171]
[0.00041171]
[0.00039081]
[0.00055817]
[0.0003453]
[0.00167513]
[0.00041171]
[0.00044069]
[0.00041171]
[-0.00106239]
[0.00041171]
[0.0003453]
[0.00041171]
[0.00041171]
[0.00102711]
[0.00111169]
[0.00041171]
[0.00041171]
[0.00041171]
[0.00041171]
[0.00041171]
[8.702904e-05]
[0.00041171]
[-0.00280231]
[0.00041171]
[-8.40311e-05]
[0.00041171]
[0.00041171]
[0.00041171]
[0.00039081]
[0.00163063]
[0.00041171]
[0.0003453]
[0.00062012]
[0.00041171]
[0.00041171]
[0.00041171]
[0.00041171]
[0.00041171]
[0.00076418]
[0.0005419]
[0.00244692]
[0.00041171]
[0.00041171]
[0.00041171]
[-0.00092016]
[0.00041171]
[0.00041171]
[0.00041171]
[0.0004423]
[0.00125827]
[0.00041171]
[0.00040576]
[0.00210005]
[0.00041171]
[0.00041171]
[0.00041171]
[0.00041171]
[0.00040576]
[0.00041171]
[-0.00092016]
[0.00053824]
[0.00041171]
[0.00041171]
[-0.00092016]
[0.00111169]
[0.00111169]
[0.00039081]
[0.00041171]
[0.00041171]
[0.00053824]
[0.00041171]
[0.00041171]
[0.00041171]
[0.00041171]
[0.00041171]
[0.00118109]
[0.00176137]
[0.00037316]
[0.00041171]
[-6.313378e-05]
[0.00041171]
[0.00041171]
[0.00050299]
[0.00041171]
[0.00036705]
[0.00041171]
[0.00041171]
[0.00041171]
[0.00041171]
[0.00041171]
[0.00041171]
[0.00040906]
[0.00078712]
[0.00041171]
[0.00041171]
[0.00041171]
[0.00040099]
[0.00041171]
[0.00041171]
[-4.5027078e-05]
[0.00102703]
[0.00040099]
[0.00041171]
[0.00078444]
[-0.00399199]
[0.00125827]
[0.00062028]
[0.00038942]
[0.00016792]
[0.00041171]
[0.00041171]
[0.00050299]
[0.00041171]
[0.00041171]
[0.00041171]
[0.00041171]
[0.00041171]
[0.00041171]
[0.00041171]
[0.00041171]
[0.0005363]
[0.00041171]
[0.00324227]
[0.00041171]
[0.0003261]
[0.00041171]
[0.00041171]
[0.00125827]
[-0.00435114]
[0.00078444]
[0.00040576]
[0.00041171]
[0.00040576]
[0.00040576]
[0.00041171]
[0.00050299]
[0.0004342]
[0.00041171]
[0.00041171]
[0.00041171]
[0.00041171]
[0.00041171]
[0.00041171]
[0.00040576]
[0.00040099]
[0.00041171]
[0.00041171]
[0.00041171]
[0.00041171]
[0.00041171]
[0.00078712]
[0.00041171]
[0.00041171]
[0.00041171]
[0.00041171]
[0.00041171]
[0.00028019]
[0.00041171]
[0.00062012]
[0.00041171]
[0.00040906]
[0.00041171]
[0.00123433]
[0.00041171]
[0.00041171]
[0.00157274]
[-0.00011807]
[0.00078064]
[0.00041171]
[0.00041171]
[0.00041171]
[0.00041171]
[0.00041171]
[0.00041475]
[0.00032561]
[0.00032561]
[0.0004342]
[0.00041171]
[0.00041171]
[0.00053824]
[0.00038942]
[0.00041171]
[0.00039081]
[0.00041171]
[0.00041171]
[0.00041171]
[0.00041171]
[-0.00048316]
[0.00041171]
[0.00041171]
[0.00041171]
[0.00041171]
[0.00078712]
[0.0003261]
[-0.00011807]
[0.00041171]
[0.00040099]
[0.00041171]
[0.00041171]
[0.00041171]
[-6.313378e-05]
[0.00041171]
[0.00041171]
[0.00041171]
[4.806043e-05]
[0.0003453]
[-0.00092016]
[0.00046871]
[0.00016792]
[0.00045059]
[0.00041171]
[0.00041171]
[0.00041171]
[0.00041171]
[-0.00031481]
[0.00038907]
[0.00041171]
[-0.00014952]
[0.00041171]
[0.00148939]
[0.00041171]
[0.0005363]
[0.00055817]
[0.00041171]
[0.0005363]
[0.00041171]
[0.00033038]
[0.00041171]
[0.00041171]
[0.00041171]
[-0.00240425]
[0.00041171]
[0.00041171]
[0.00041171]
[0.00041171]
[0.00041171]
[0.00139799]
[0.00041171]
[0.00038907]
[0.00159244]
[0.00041171]
[0.00041171]
[0.0005363]
[0.00041171]
[0.00041171]
[0.00041171]
[0.00033038]
[0.00041171]
[-0.00106239]
[0.00041171]
[0.0005363]
[0.00041171]
[0.00041171]
[0.00041171]
[0.00041171]
[0.00041171]
[0.00139799]
[0.00033038]
[0.00041171]
[0.00041171]
[0.00041171]
[0.00041171]
[-0.00031481]
[0.00041171]
[0.00041171]
[0.00041171]
[0.00041171]
[0.00041171]
[0.00055817]
[0.00041171]
[0.00041171]
[0.00041171]
[0.00041171]
[0.00041171]
[0.00041171]
[-0.00106239]
[0.00041171]
[0.00041171]
[0.00041171]
[0.00041171]
[0.00041171]
[0.00041171]
[0.00041171]
[0.00041171]
[-0.00014952]
[0.00041171]
[0.00041171]
[0.00102711]
[0.00038906]
[0.00041171]
[0.00038907]
[0.00041171]
[0.00041171]
[0.00033038]
[0.00159578]
[0.00020497]
[0.00038906]
[0.00041177]
[-0.00014952]
[0.00159244]
[0.00038907]
[-0.00031481]
[0.00041171]
[0.0005363]
[0.00041171]
[0.00041171]
[0.0005363]
[0.00041171]
[0.00041171]
[0.00041171]
[0.00041171]
[0.00041171]
[0.00041171]
[0.00041171]
[0.00041171]
[0.00041171]
[0.00041171]
[0.00041171]
[0.00041171]
[0.00041171]
[0.00041171]
[0.00041171]
[0.00041171]
[0.00041171]
[0.00042063]
[0.00148939]
[0.00041171]
[0.00041171]
[0.00041171]
[0.00041171]
[0.00041171]
[0.00041171]
[-0.00532073]
[0.00041171]
[0.00041171]
[-0.00106239]
[0.0005363]
[0.00041171]
[0.00041171]
[0.00041171]
[0.00362652]
[-0.00031481]
[0.00041171]
[0.00044543]
[0.00041171]
[0.00041171]
[0.00041171]
[0.00148939]
[0.00041171]
[0.00041171]
[0.00041171]
[0.00041171]
[0.00041171]
[0.00041171]
[0.00041171]
[0.00041171]
[0.00041171]
[0.00041171]
[0.00041171]
[0.00041171]
[0.00041171]
[0.00041171]
[0.00041171]
[0.00041171]
[0.00041171]
[0.00139799]
[0.00041171]
[0.00041171]
[0.00041177]
[-0.00031481]
[0.00041171]
[0.00041171]
[0.00089044]
[-0.00031481]
[0.00041171]
[0.00041171]
[-1.2074306e-05]
[0.0004028]
[0.00040906]
[0.00041171]
[0.00015741]
[0.00040576]
[0.00041171]
[0.00036705]
[0.00041171]
[0.00041171]
[0.00041171]
[0.00041171]
[0.00039747]
[0.00041171]
[0.00041171]
[0.00031678]
[0.00041171]
[0.00042936]
[0.00037559]
[0.00041171]
[0.00041171]
[0.00238145]
[0.00040928]
[0.00041171]
[0.00041171]
[0.00041171]
[0.00041171]
[0.0004028]
[0.00041171]
[0.00032561]
[0.00041171]
[0.00041171]
[0.00037559]
[0.00041171]
[0.00040928]
[0.00042936]
[0.00039371]
[0.00041171]
[0.00041171]
[0.00041171]
[0.00036705]
[0.00041171]
[0.00041171]
[0.00041171]
[0.00031678]
[0.00031678]
[0.00043413]
[0.0003929]
[0.00041171]
[0.00077536]
[0.00041171]
[0.00077536]
[0.00041171]
[0.00041171]
[0.00414896]
[0.00040576]
[0.00041171]
[0.00042936]
[-0.00035816]
[0.00041171]
[0.00041171]
[0.00041171]
[0.00041171]
[0.00041171]
[0.00041171]
[0.00041171]
[0.00055227]
[0.00036818]
[0.00041171]
[0.00041171]
[0.00041171]
[0.00041171]
[0.00041171]
[0.00041171]
[0.00041171]
[0.00041171]
[0.00040755]
[0.00041171]
[0.00041171]
[0.00041171]
[0.00041171]
[0.00052389]
[0.00041171]
[0.00041171]
[0.00041171]
[0.00041171]
[0.00036705]
[-9.416686e-05]
[0.00041171]
[0.00081181]
[0.00041171]
[0.00041171]
[0.00035036]
[0.00041171]
[0.00041171]
[0.00040952]
[0.00238145]
[0.00041171]
[0.00043332]
[0.00041171]
[0.00036705]
[0.00041171]
[0.00041171]
[0.00043292]
[0.00041866]
[0.00041171]
[0.00041171]
[0.00041171]
[0.00019917]
[0.00041171]
[0.00041171]
[0.00062012]
[0.00039747]
[0.00041171]
[0.00062012]
[0.00019917]
[0.00041171]
[0.0004028]
[0.00041171]
[0.00041171]
[0.00041171]
[0.00041171]
[0.0004457]
[-6.313378e-05]
[0.00083058]
[0.00041171]
[0.00041181]
[0.00041171]
[3.7152055e-05]
[0.00040576]
[0.00041171]
[0.00145957]
[-0.00147067]
[0.00041171]
[0.00043292]
[0.00041171]
[0.00041171]
[0.00041171]
[0.00041181]
[3.7152055e-05]
[0.00041171]
[0.00040906]
[0.00041171]
[0.00041171]
[0.00040928]
[0.00041171]
[0.00019533]
[-0.00147067]
[0.00042936]
[0.00036705]
[0.00041171]
[0.00167513]
[0.00041171]
[0.00040906]
[0.0003929]
[0.00041171]
[0.00041171]
[0.00041171]
[0.00064605]
[0.00016792]
[0.00041171]
[0.00041171]
[0.00040928]
[0.00414896]
[0.00041171]
[0.00041171]
[0.00041171]
[0.00041171]
[0.00044281]
[0.00044069]
[0.00041171]
[0.00041171]
[0.00036705]
[0.00041171]
[0.00102703]
[0.00041171]
[0.00038907]
[0.00041171]
[0.00039319]
[0.00041171]
[0.00041171]
[0.00043352]
[0.00075527]
[0.00041171]
[0.00041171]
[0.00062012]
[0.00050858]
[0.0003453]
[0.00089351]
[0.00158346]
[-0.00039048]
[0.00041171]
[0.00041171]
[0.00041171]
[0.00041171]
[0.00041171]
[0.00041171]
[0.00041171]
[0.00041171]
[0.00041171]
[0.00041171]
[0.00041171]
[0.00041171]
[0.00033471]
[0.00044069]
[0.00062012]
[0.00038907]
[0.00084623]
[0.00097073]
[0.00093189]
[-0.00203533]
[0.00041171]
[0.00158346]
[0.00041171]
[0.00041171]
[0.00055361]
[-0.00203533]
[0.00041171]
[0.00050858]
[0.00066349]
[0.00050299]
[0.00041171]
[0.00041171]
[0.00041171]
[0.00041171]
[0.00040954]
[0.00041171]
[0.00041171]
[0.00041171]
[0.00041171]
[-0.0001861]
[0.00038907]
[0.00102703]
[0.00041171]
[0.00041171]
[0.00041171]
[0.00041171]
[0.00041171]
[0.00039555]
[0.00041171]
[0.00041171]
[0.00036574]
[0.00041171]
[0.00041171]
[0.00039319]
[0.00041171]
[0.00039555]
[0.00158346]
[0.00041171]
[0.00038114]
[0.00041171]
[0.00041171]
[0.00206733]
[0.00042435]
[0.00041171]
[0.00041171]
[0.00041171]
[0.00043352]
[0.00041171]
[0.00041171]
[0.00041171]
[0.00041171]
[0.00041171]
[0.00041171]
[0.00041171]
[0.00062012]
[1.9577212e-05]
[0.00196986]
[0.00040861]
[0.00206733]
[0.00041171]
[0.00076418]
[0.00041171]
[0.00041171]
[0.00041171]
[0.00041171]
[0.00041171]
[0.00041171]
[0.00116678]
[0.00016792]
[0.00041171]
[0.00041171]
[0.00041171]
[0.00041171]
[0.00039319]
[0.00041171]
[0.00041171]
[0.00041171]
[0.00041171]
[-0.00334923]
[0.00041171]
[0.00044281]
[0.00044069]
[0.00041171]
[0.00041171]
[0.00068955]
[0.00062012]
[0.00041171]
[0.00032561]
[0.00044069]
[0.00026545]
[0.00032916]
[0.00041171]
[0.00032561]
[0.0003453]
[0.00041171]
[0.00158346]
[0.00050299]
[0.00041171]
[0.00041171]
[0.00041171]
[0.00050299]
[0.00032561]
[0.00041171]
[0.00044069]
[0.00068186]
[0.00041171]
[0.00041171]
[0.00041171]
[0.00032561]
[0.00041171]
[0.00035036]
[0.00041171]
[0.00041171]
[0.00041171]
[0.00041171]
[1.9577212e-05]
[0.00050299]
[0.00041171]
[0.00041171]
[0.00039555]
[0.00041171]
[0.00068955]
[-0.00203533]
[0.00041171]
[0.00036574]
[0.00041171]
[0.00041171]
[0.00041171]
[0.00083058]
[0.0003929]
[0.00041171]
[0.00036705]
[0.00039601]
[0.00016821]
[-0.0002531]
[0.00041171]
[0.00041171]
[0.00041171]
[0.00041171]
[0.00041171]
[0.00041171]
[0.00041171]
[0.00041171]
[0.00041171]
[0.00041171]
[0.00085447]
[0.0003929]
[0.00043434]
[0.00041171]
[0.00041171]
[0.00041171]
[0.00041171]
[0.0003929]
[0.00039601]
[0.00214243]
[0.00056939]
[0.00041171]
[0.00041171]
[-6.313378e-05]
[0.00037646]
[0.00041171]
[0.00040805]
[0.00041171]
[0.00041171]
[0.0004028]
[0.00041171]
[0.00041171]
[0.00043778]
[0.00041171]
[0.00043064]
[0.00041171]
[0.00048028]
[0.00040833]
[0.00041171]
[0.00041171]
[0.00041171]
[0.00043064]
[0.0021101]
[0.00071926]
[0.00041171]
[0.00041171]
[0.00041171]
[0.00041171]
[0.00041171]
[0.00382088]
[0.00041171]
[0.00041171]
[0.00039601]
[0.00041171]
[0.00041171]
[0.00041171]
[0.00041171]
[0.00043332]
[0.00041171]
[0.00038664]
[0.00041171]
[0.00037646]
[0.00041805]
[0.00041171]
[0.00041171]
[-0.00193808]
[0.00042785]
[-6.57807e-05]
[0.00041171]
[0.00040906]
[0.00020062]
[0.00041171]
[0.00041171]
[0.00041171]
[0.00041171]
[0.00041171]
[0.00041171]
[0.00041171]
[0.00041171]
[-6.313378e-05]
[0.00041171]
[0.00041171]
[0.00041171]
[0.00041171]
[0.00041171]
[-6.313378e-05]
[0.00169214]
[0.00043064]
[-3.8759823e-05]
[0.0003929]
[0.00042785]
[0.00041171]
[0.00041171]
[0.00041171]
[0.00041171]
[0.00041171]
[0.00041171]
[0.00041171]
[0.00085447]
[0.00041171]
[0.00041475]
[0.00036705]
[-0.00035826]
[0.00043064]
[0.00041171]
[0.00038907]
[0.00039313]
[0.00036705]
[0.00040805]
[0.00041171]
[0.00041171]
[0.00041171]
[0.00041171]
[0.00083058]
[0.00041171]
[0.00041171]
[0.00036705]
[0.00041171]
[0.00041171]
[0.00041171]
[0.00036705]
[0.00041171]
[0.00035964]
[0.00041171]
[0.00046871]
[0.00041171]
[0.00085447]
[0.00041171]
[0.00041171]
[0.00085447]
[0.00040576]
[0.00036705]
[0.00214243]
[0.00041171]
[0.00044607]
[0.00040833]
[0.00187936]
[-6.313378e-05]
[0.00083058]
[0.0003929]
[0.00031678]
[0.00020062]
[0.00041171]
[0.00041171]
[0.00041171]
[0.00041171]
[0.00041703]
[0.00056939]
[0.00135129]
[0.00041171]
[0.00041171]
[0.0021101]
[0.00041171]
[0.00041171]
[0.00038907]
[0.00041171]
[0.00024641]
[0.00041171]
[0.00037937]
[0.00167513]
[5.8066824e-05]
[0.00040906]
[-0.00056183]
[0.00010173]
[0.00041171]
[0.00037937]
[0.00039548]
[0.00117715]
[0.00041171]
[-0.00056183]
[0.00042115]
[9.848724e-05]
[0.00041171]
[0.00046871]
[0.00046871]
[0.00041171]
[0.00094844]
[0.00041171]
[0.0003759]
[0.00041171]
[0.00041171]
[0.00041171]
[0.00041452]
[-5.0322993e-05]
[-0.00127766]
[0.00041171]
[0.00044077]
[0.0003929]
[0.00041171]
[0.00066349]
[0.00041171]
[0.00041171]
[0.00041171]
[0.00041171]
[0.00041171]
[0.00041171]
[0.00176319]
[0.00041171]
[0.00196986]
[0.00041171]
[0.00041171]
[0.00046871]
[0.00282854]
[0.00196986]
[-0.00056183]
[0.0003759]
[0.00041171]
[0.00041171]
[-1.0306194e-05]
[0.00041452]
[0.00041171]
[0.00041171]
[0.00102703]
[0.00041171]
[0.00037372]
[0.00280909]
[0.00041171]
[0.00062351]
[5.8066824e-05]
[-0.00147067]
[0.00041171]
[0.00041452]
[0.0003929]
[0.00041171]
[0.00041171]
[0.00040576]
[0.00041171]
[0.00104159]
[0.00041171]
[0.00046231]
[0.00041171]
[0.00062351]
[0.00041171]
[0.00024641]
[0.00038548]
[0.0003929]
[0.00010173]
[0.00041171]
[0.00041171]
[0.00041171]
[0.00041171]
[0.00041171]
[0.00104159]
[0.00041171]
[0.0003759]
[0.00040906]
[-0.00147067]
[0.00040906]
[0.00102703]
[-0.00861339]
[0.00038907]
[0.00041171]
[0.00037937]
[-0.00020725]
[0.00050583]
[0.00038548]
[0.00035645]
[0.00066349]
[0.00041171]
[0.00041171]
[-0.00021792]
[0.00041171]
[0.00041171]
[0.00041171]
[-0.00147067]
[0.0003929]
[0.00041171]
[0.00043348]
[0.0003929]
[-0.00143535]
[0.00046871]
[0.00041171]
[0.00075018]
[0.00040576]
[0.00041171]
[0.00102703]
[0.00022086]
[0.00041171]
[0.00041171]
[0.00024464]
[-0.00127766]
[-0.00056183]
[0.00176319]
[0.00384033]
[-0.00147067]
[0.0003929]
[-0.00054326]
[0.00038907]
[0.00358737]
[0.00123952]
[0.00010173]
[0.00358737]
[-5.0322993e-05]
[9.848724e-05]
[0.00044281]
[9.848724e-05]
[0.00041171]
[0.00046871]
[0.00196986]
[5.8066824e-05]
[0.00041171]
[0.00043348]
[0.00041171]
[0.00123952]
[0.00041171]
[0.00041171]
[0.00040954]
[0.00041171]
[0.00041171]
[-0.00861339]
[0.00010173]
[0.00041171]
[0.00358737]
[0.0001312]
[0.0003929]
[0.00041171]
[0.00041171]
[0.00038907]
[0.00041171]
[0.00025246]
[0.00043282]
[0.00043332]
[0.00038907]
[0.00041171]
[0.00041171]
[0.00035036]
[0.00024943]
[0.00041171]
[0.00041171]
[0.00041171]
[0.00041171]
[0.00206733]
[0.00025246]
[0.00408064]
[0.00041171]
[0.00037911]
[0.00097774]
[0.00045277]
[0.00041171]
[0.00041171]
[0.00041171]
[0.00041171]
[0.0001476]
[0.0003929]
[0.00041171]
[0.00041171]
[0.00041171]
[0.00041171]
[0.00041171]
[0.00041171]
[0.00155087]
[0.00060849]
[0.00041171]
[0.00038907]
[0.00102711]
[0.00041171]
[0.00036377]
[-6.313378e-05]
[0.00041171]
[0.00041171]
[0.00041171]
[0.00041171]
[0.00041171]
[0.00044069]
[0.0003653]
[0.00041171]
[0.00062012]
[0.00052988]
[0.00041171]
[0.00041171]
[0.00097774]
[0.00040291]
[0.00041171]
[-0.00233979]
[0.00045449]
[0.00060849]
[0.00040906]
[0.00041171]
[0.00026676]
[0.00036233]
[0.00036377]
[0.00056939]
[0.00043726]
[0.00043434]
[0.00018089]
[0.00041171]
[0.00041171]
[0.00041171]
[0.0003653]
[0.00041171]
[0.0003453]
[0.00041171]
[0.00041171]
[0.00043332]
[0.00041171]
[0.00041171]
[0.00041171]
[-0.00153528]
[0.00041171]
[-0.00153528]
[0.00041171]
[0.00041171]
[0.00041171]
[0.00042897]
[0.00041171]
[0.00016792]
[0.00041171]
[0.00041171]
[0.00041171]
[0.00062012]
[0.00041171]
[0.00046519]
[0.0003453]
[0.00062012]
[0.00044673]
[0.00036233]
[0.00041171]
[0.00038537]
[0.00041171]
[-6.313378e-05]
[9.763789e-07]
[0.00039226]
[0.00039962]
[0.00041171]
[0.00062012]
[0.00043401]
[0.00040291]
[0.00042897]
[0.00041171]
[0.00041171]
[0.00044673]
[-6.313378e-05]
[0.00041171]
[-0.00027022]
[0.00044069]
[0.00041171]
[0.00046519]
[0.00036233]
[0.00041171]
[0.00408064]
[0.00097774]
[0.00123952]
[0.00041171]
[0.00041171]
[0.00045449]
[0.00056939]
[0.0003453]
[9.763789e-07]
[0.00044069]
[0.00030178]
[0.00041171]
[0.0003653]
[0.00023499]
[0.00052988]
[0.00041171]
[0.00041171]
[0.00040291]
[0.00060849]
[0.00041171]
[0.00041171]
[0.00041171]
[0.00052988]
[0.00024098]
[0.00036377]
[0.00041501]
[0.00041171]
[0.00041171]
[0.00088088]
[0.00067003]
[0.00041171]
[0.00026676]
[0.00041171]
[0.00046807]
[0.00046807]
[0.00064489]
[0.0086572]
[0.00155112]
[0.00064489]
[0.00041171]
[0.00037023]
[0.00124419]
[0.00124419]
[0.00046807]
[0.00244154]
[0.00244154]
[0.00250359]
[0.00041679]
[0.00245894]
[0.00037023]
[0.00064489]
[0.00074626]
[0.00035145]
[0.00037937]
[0.00037937]
[0.00064489]
[0.00128419]
[0.00245894]
[0.00145811]
[0.00041171]
[0.00046807]
[0.0086572]
[0.00330013]
[0.00330013]
[0.00128419]
[0.00035145]
[0.00041679]
[0.00046807]
[0.00040022]
[0.00250359]
[0.00040022]
[0.00128419]
[0.00245894]
[0.00041679]
[0.00040022]
[0.00046807]
[0.00244154]
[0.00128419]
[0.00035145]
[0.00145811]
[0.00064489]
[0.00124419]
[0.00046807]
[0.00245894]
[0.00128419]
[0.00041171]
[0.00244154]
[0.00245894]
[-0.00116206]
[0.00036655]
[0.00041171]
[0.00064489]
[0.00046807]
[0.00128419]
[0.00041171]
[0.00041679]
[0.00244154]
[0.00041171]
[0.00041171]
[-0.00062617]
[0.00041171]
[0.00041171]
[0.00050294]
[0.00027269]
[0.00050294]
[0.00041171]
[0.00041171]
[0.00041171]
[0.00041171]
[0.00041171]
[0.00027269]
[0.00050294]
[0.0008402]
[0.000281]
[0.00041171]
[0.00041171]
[0.00041171]
[0.00050294]
[0.00041171]
[0.00041171]
[0.00041171]
[0.00040805]
[0.00041171]
[0.00026287]
[0.000281]
[0.00040805]
[0.00041171]
[0.00027269]
[0.00026287]
[0.00041171]
[0.00245886]
[0.00245886]
[0.00040805]
[0.00041171]
[0.00245886]
[0.00041171]
[-0.00062617]
[0.00041171]
[0.00050294]
[0.000281]
[0.0008402]
[0.00026287]
[0.0008402]
[0.00050294]
[-0.00062617]
[0.00050294]
[0.00041171]
[0.00041171]
[0.00041171]
[0.00041171]
[0.00041171]
[0.00041171]
[-0.00062617]
[0.00048002]
[0.00041171]
[-0.00062617]
[0.00041171]
[-0.00062617]
[0.00041171]
[0.0008402]
[0.000281]
[0.00027269]
[0.00026287]
[0.0008402]
[0.00040805]
[0.00041171]
[0.00041171]
[0.00041171]
[0.00026655]
[0.00046554]
[0.0001066]
[0.00041171]
[0.00070316]
[0.00039805]
[0.00041171]
[0.00171111]
[0.00045701]
[0.00041171]
[0.00076991]
[0.00041171]
[0.00039805]
[0.00041171]
[0.00041171]
[0.00057739]
[0.00041171]
[0.00041171]
[0.00076991]
[0.01033103]
[0.00041171]
[0.00171111]
[0.00057739]
[0.00029945]
[0.00026655]
[0.0001066]
[0.00041171]
[0.00046554]
[0.00045701]
[0.00045701]
[0.00041171]
[0.00171111]
[0.00041171]
[0.00041171]
[0.00057739]
[0.00041171]
[0.01033103]
[0.00057739]
[0.00026655]
[0.00171111]
[0.00144599]
[0.00144599]
[0.00041171]
[0.00041171]
[0.00057739]
[0.0001066]
[0.00026655]
[0.00076991]
[0.00041171]
[0.00057739]
[0.00070316]
[0.00041171]
[0.00041171]
[0.00070316]
[0.00064898]
[0.00041171]
[0.00039805]
[0.00026655]
[0.00026655]
[0.00026655]
[0.00039805]
[0.0001066]
[0.00257139]
[0.00041171]
[0.00041171]
[0.00039805]
[0.00041171]
[0.00257139]
[0.00041171]
[0.00064898]
[0.00045701]
[0.00041171]
[0.00041171]
[0.00029945]
[0.00056296]
[0.00070316]
[0.00041171]
[0.00257139]
[0.00144599]
[0.01033103]
[0.00189107]
[0.00189107]
[5.8575868e-05]
[0.00041171]
[-0.0002295]
[0.00041171]
[0.00041171]
[0.00041171]
[0.00041171]
[0.00041171]
[0.00041171]
[0.00041171]
[0.00041171]
[0.00041171]
[0.00041171]
[0.00041171]
[0.00024264]
[0.00041171]
[5.8575868e-05]
[0.00116439]
[0.00041171]
[5.8575868e-05]
[0.00041171]
[0.00189107]
[0.00041171]
[0.00041171]
[-0.00106475]
[0.00041171]
[-0.00106475]
[0.00041171]
[0.00041171]
[-0.0002295]
[0.00040993]
[0.00041171]
[0.00041171]
[0.00041171]
[0.00036702]
[0.00041171]
[-0.0002295]
[0.00041171]
[0.00189107]
[0.00041171]
[0.00116439]
[0.00041171]
[0.00036702]
[0.00040993]
[0.00041171]
[0.00036702]
[0.00041171]
[0.00041171]
[0.00189107]
[0.00041171]
[0.00041171]
[0.00063868]
[5.8575868e-05]
[0.00063868]
[0.00041171]
[5.8575868e-05]
[0.00063868]
[-0.0002295]
[0.00116439]
[0.00036702]
[0.00040993]
[0.00040993]
[0.00041171]
[0.00189107]
[-0.00106475]
[0.00041171]
[0.00040993]
[0.00024264]
[0.00041171]
[0.00036702]
[0.00189107]
[0.00189107]
[-0.00106475]
[0.00041171]
[0.00041171]
[0.00031845]
[0.00041171]
[0.00049153]
[0.00041171]
[0.00041171]
[0.00041171]
[0.00031845]
[0.00040928]
[-0.00159742]
[0.00084929]
[0.00041171]
[0.00084929]
[0.00047193]
[0.00044052]
[0.00041171]
[0.00041171]
[0.00042354]
[0.00084929]
[0.00040928]
[0.00071155]
[0.00041171]
[0.00025666]
[0.00102003]
[0.00068818]
[0.00049153]
[0.00102003]
[0.00035359]
[0.00041171]
[0.00045254]
[0.00102003]
[0.00041171]
[0.00084929]
[0.00047193]
[0.00049153]
[0.00084929]
[0.00041171]
[0.00041171]
[0.00041212]
[0.00035359]
[0.00041171]
[0.00031845]
[0.00042354]
[0.00031845]
[0.00019327]
[0.00047193]
[0.00049153]
[0.00040928]
[0.00102003]
[0.00068818]
[0.00041212]
[0.00047193]
[0.00042354]
[0.00041171]
[0.00044052]
[0.00041171]
[0.00035359]
[0.00035359]
[0.00040928]
[0.00041171]
[0.00040928]
[0.00041171]
[0.00068818]
[0.00049153]
[0.00041171]
[0.00041171]
[0.00041171]
[0.00031845]
[0.00041171]
[0.00035359]
[0.00041171]
[0.00041171]
[0.00041171]
[0.00047193]
[0.00041171]
[0.00041171]
[0.00019327]
[0.00084929]
[0.00044052]
[0.00041171]
[0.00041171]
[0.00041171]
[0.00040928]
[0.00040928]
[0.00102003]
[0.00021523]
[0.00047004]
[0.0016796]
[0.00041171]
[0.00029034]
[0.00015763]
[0.0003453]
[0.00076418]
[0.00036268]
[0.00062012]
[0.00041171]
[0.00016108]
[0.00041171]
[0.00015763]
[0.00059032]
[0.00062012]
[0.00044069]
[0.00041171]
[0.00111169]
[0.00042677]
[0.00051223]
[0.00041171]
[0.00042677]
[0.00015763]
[0.00038942]
[0.00038942]
[0.00044069]
[0.00042677]
[0.00042677]
[0.00041171]
[0.00047004]
[0.00038942]
[0.00111169]
[0.00042677]
[0.00041171]
[0.00029034]
[0.00047004]
[0.00111169]
[0.00111169]
[0.00059032]
[0.00076418]
[0.0016796]
[0.00036268]
[0.00076418]
[0.00076418]
[0.0016796]
[0.00041171]
[0.00051223]
[0.00041171]
[0.00036478]
[0.00029034]
[0.00062012]
[0.00102345]
[0.00062012]
[0.00111169]
[0.00016108]
[0.00041171]
[0.00016108]
[0.00021523]
[0.00076418]
[0.00036478]
[0.00044728]
[0.00044728]
[0.00534782]
[-0.00345759]
[0.00041171]
[0.00041171]
[0.00139799]
[0.00089876]
[0.00146563]
[0.0007487]
[-8.635006e-05]
[-0.00426283]
[0.00052754]
[-0.00426283]
[-0.00294595]
[0.00052754]
[-0.00294595]
[0.00146563]
[0.00035763]
[0.00041171]
[0.0007487]
[0.0031365]
[0.00041171]
[0.00041171]
[0.00041171]
[-5.784582e-05]
[0.00063476]
[0.00063476]
[-5.784582e-05]
[0.0007487]
[0.00041171]
[0.00041171]
[0.0007487]
[0.00041171]
[0.00016792]
[0.00016792]
[0.00018518]
[0.00041171]
[-8.635006e-05]
[0.00174943]
[-0.00345759]
[0.00041171]
[0.00063476]
[-0.00426283]
[0.00041171]
[-5.784582e-05]
[0.00146563]
[0.00041171]
[-0.00294595]
[0.0007487]
[0.00035763]
[-5.784582e-05]
[0.00018518]
[-0.00294595]
[0.00018518]
[0.00018518]
[0.00063476]
[-0.00426283]
[0.00146563]
[0.00436154]
[0.00041171]
[0.00063476]
[0.00041171]
[0.00018518]
[0.0007487]
[0.00041171]
[0.00041171]
[0.00110336]
[0.00052754]
[0.00018518]
[0.00110336]
[0.00139799]
[-0.00426283]
[0.00016792]
[0.00110336]
[0.00041171]
[-8.635006e-05]
[0.00174943]
[0.00110336]
[-0.00426283]
[-0.00345759]
[0.00436154]
[0.00041171]
[0.00027346]
[0.00143231]
[-0.00220574]
[0.0012809]
[0.00272067]
[0.00198039]
[0.00198039]
[0.0023302]
[-0.00220574]
[0.00125079]
[0.00161059]
[0.00074949]
[0.00161059]
[0.00072758]
[0.00186139]
[-0.00019505]
[0.00467992]
[0.00198039]
[-0.00053948]
[0.00186139]
[0.00074949]
[0.00102202]
[0.00161059]
[0.00045675]
[0.00467992]
[-0.00053948]
[-0.00053948]
[-0.00220574]
[0.00143231]
[0.00467992]
[0.00190277]
[0.00125079]
[0.00467992]
[-0.00019505]
[0.00161059]
[0.00072758]
[0.00074949]
[0.00272067]
[0.00467992]
[0.00045675]
[0.00074949]
[0.00467992]
[-0.00220574]
[-0.00053948]
[0.00272067]
[0.00102202]
[0.00074949]
[0.00272067]
[0.00102202]
[0.00877699]
[0.00198039]
[0.00074949]
[0.00045675]
[0.00139453]
[0.00074949]
[0.00186139]
[0.00198039]
[0.00139453]
[0.00190277]
[0.00041171]
[0.00041171]
[0.00041171]
[0.00041171]
[0.0016573]
[0.00041171]
[0.00041171]
[-0.00256377]
[0.00041171]
[0.00112134]
[0.00041171]
[0.00112134]
[0.00041171]
[0.00041171]
[0.00041171]
[0.00101755]
[0.00161778]
[0.0001075]
[0.00041171]
[0.00041171]
[0.00041171]
[2.7873868e-05]
[0.0001075]
[2.7873868e-05]
[0.00166917]
[0.00166917]
[0.00041171]
[0.00166917]
[0.00121627]
[0.00041171]
[0.00041171]
[0.00041171]
[0.00041171]
[0.00041171]
[0.00041171]
[0.00105849]
[0.00041171]
[0.00041171]
[0.00041171]
[0.00105849]
[0.0001075]
[0.00041171]
[0.00041171]
[2.7873868e-05]
[-0.00256377]
[0.0010775]
[0.00041171]
[0.00112134]
[-0.00256377]
[0.00041171]
[0.00041171]
[0.0001075]
[0.0001075]
[0.00121627]
[0.00041171]
[0.00041171]
[0.00586152]
[0.00041171]
[-0.00256377]
[0.00166917]
[0.00041171]
[0.00041171]
[0.00041171]
[0.00105849]
[0.00041171]
[0.00041171]
[0.00041171]
[0.00041171]
[-0.00256377]
[0.00101755]
[0.0001075]
[0.00041171]
[0.00041171]
[0.00041171]
[0.0016573]
[0.00041171]
[0.00196663]
[-7.280839e-05]
[-0.00048107]
[-0.00124707]
[0.00041171]
[0.00281756]
[4.2817388e-05]
[0.00196663]
[4.2817388e-05]
[-0.00048107]
[0.00087574]
[0.00267794]
[-0.00124707]
[0.00099835]
[0.00196663]
[0.00041171]
[-6.638934e-05]
[0.00041171]
[0.00122661]
[0.00281756]
[0.00122661]
[-0.00044982]
[-0.00046693]
[0.00109685]
[-6.638934e-05]
[4.2817388e-05]
[0.00095213]
[0.00042584]
[0.00036215]
[0.00087574]
[0.00281756]
[-0.00048107]
[-0.00048107]
[0.00099835]
[0.00042584]
[0.00099835]
[-0.00048107]
[0.00196663]
[4.2817388e-05]
[0.00036215]
[0.00041171]
[0.00041171]
[0.00041171]
[0.00196663]
[0.00036215]
[0.00041171]
[0.00042584]
[-6.638934e-05]
[0.00267794]
[-0.00124707]
[0.00036215]
[-0.00046693]
[0.00281756]
[-6.638934e-05]
[0.00196663]
[0.00109685]
[0.00036331]
[0.00042584]
[-6.638934e-05]
[4.2817388e-05]
[0.00036215]
[0.00196663]
[0.00041171]
[-7.280839e-05]
[0.00099835]
[0.00041171]
[0.00087574]
[-0.00124707]
[0.00087574]
[-0.00048107]
[0.00109685]
[0.00041171]
[4.2817388e-05]
[0.00109685]
[0.00087574]
[0.00041171]
[0.00041171]
[0.00041171]
[0.00041171]
[0.00041171]
[0.00182707]
[0.00102076]
[0.00041171]
[0.00041171]
[0.00041171]
[0.00041171]
[0.00041171]
[0.00102076]
[-0.00050788]
[0.00041171]
[0.00451799]
[0.00041171]
[-0.00029779]
[0.00041171]
[0.00041171]
[0.00041171]
[0.00041171]
[0.00041171]
[0.00509347]
[0.00041171]
[0.00451799]
[0.00041171]
[0.00102076]
[0.00041171]
[0.00041171]
[0.00041171]
[0.00102077]
[0.00041171]
[-0.0027285]
[0.00451799]
[0.00041171]
[0.00041171]
[-0.00050788]
[0.00041171]
[0.00041171]
[0.00041171]
[0.00041171]
[0.00509347]
[0.00041171]
[0.00102076]
[0.00041171]
[0.00041171]
[0.00041171]
[0.00041171]
[0.00041171]
[0.00041171]
[0.00102076]
[-0.00029779]
[0.00451799]
[0.00041171]
[0.00041171]
[0.00102076]
[0.00102077]
[0.00102077]
[0.00041171]
[0.00041171]
[0.00041171]
[0.00041171]
[0.00041171]
[0.00041171]
[0.00041171]
[0.00041171]
[0.00509347]
[0.00041171]
[0.00041171]
[0.00041171]
[0.00041171]
[0.00041171]
[0.00041171]
[0.00102076]
