[0.00250048]
[-0.00278066]
[-4.8592192e-05]
[-0.00026777]
[-0.00205348]
[0.00108435]
[-0.00112066]
[0.00033351]
[-0.00050944]
[0.00135977]
[-0.00209891]
[-0.00058803]
[-0.00165971]
[-0.00038598]
[-0.00356451]
[0.00025856]
[0.00080439]
[-0.00417767]
[-0.00032407]
[-0.00058803]
[-0.00035529]
[0.00168403]
[-6.62636e-06]
[-0.00395381]
[-0.00178043]
[0.00181956]
[-0.00541166]
[-6.645042e-05]
[-0.00014633]
[-0.00334067]
[-0.00305415]
[-0.00392987]
[0.00095969]
[0.00134591]
[-0.00346169]
[0.00385713]
[0.0018026]
[-0.00129581]
[-4.8592192e-05]
[-0.00867212]
[-0.00129581]
[-0.00412432]
[-0.00247746]
[-0.00056284]
[-0.00168568]
[-0.00338163]
[-0.00381285]
[-0.00032556]
[0.00250658]
[0.00279866]
[-0.00056284]
[-0.00055523]
[-0.00452402]
[-0.0045777]
[0.00243539]
[-0.00306537]
[-0.00172593]
[-0.00117398]
[-8.035725e-05]
[-0.00905757]
[-0.00056284]
[-0.00037787]
[0.00034346]
[-0.00452402]
[-0.00071401]
[-0.00558152]
[-0.00030515]
[0.00712858]
[-0.00823577]
[0.00015251]
[-0.00084681]
[-0.00056284]
[-0.00034054]
[0.00062864]
[5.825149e-05]
[-0.00174591]
[-0.00702977]
[-0.00166598]
[0.00513998]
[-0.00112675]
[0.00250658]
[0.00011047]
[-1.8207938e-05]
[-0.00402426]
[-0.00062298]
[-0.0002983]
[0.0001641]
[-0.00511009]
[-0.00247625]
[-0.00247625]
[-0.00463489]
[-0.00288602]
[-0.00062298]
[5.7725876e-05]
[-0.00067478]
[-4.5961933e-05]
[-0.00019728]
[-0.0005891]
[-0.00145388]
[-0.00055523]
[-0.00145388]
[0.00189372]
[-0.00061347]
[-0.00055577]
[-0.00062298]
[-0.00088911]
[-0.00019218]
[0.00055622]
[-0.00030515]
[-0.00055577]
[5.362922e-05]
[-0.00117291]
[0.00268269]
[-0.00026364]
[0.00283255]
[-0.00593318]
[0.00599347]
[-0.00331029]
[-0.00233013]
[-0.00113907]
[-0.00381285]
[-0.000248]
[-0.00338163]
[-0.00650931]
[-0.00145211]
[0.0003786]
[0.00599347]
[-0.00038597]
[0.00087707]
[0.00253703]
[-0.00082622]
[-0.00138241]
[-0.00088911]
[-0.00408167]
[0.00351129]
[0.00011047]
[-0.00145211]
[0.0001641]
[0.00101621]
[-0.00037077]
[0.00188623]
[-0.00038597]
[-0.00049422]
[-0.00316998]
[-0.0070497]
[-0.000248]
[0.00118391]
[0.00034346]
[-0.00078682]
[-0.00341534]
[-0.00074003]
[-0.0070497]
[0.00279866]
[-0.00086716]
[-0.00019831]
[-0.00055523]
[-0.00173132]
[0.00020859]
[0.00028495]
[-0.00086101]
[-0.00117398]
[0.00444992]
[0.00016403]
[-0.00905757]
[-0.0070497]
[-0.00061347]
[-0.0005269]
[-0.00145388]
[-0.0005269]
[0.00623536]
[-0.00145211]
[-0.00090918]
[-0.00138867]
[-0.00037077]
[0.00698429]
[-0.00015906]
[-4.2451604e-05]
[-0.00381285]
[-0.00037077]
[-0.00071401]
[-0.00166598]
[-0.00072633]
[-0.00245228]
[0.00243539]
[0.00038045]
[0.00283255]
[-0.00084681]
[-0.00412432]
[-0.00523601]
[-0.00055523]
[-0.00056284]
[-0.00650931]
[0.00289567]
[-0.00225948]
[-0.0016804]
[0.00281985]
[-0.00255866]
[-0.00138327]
[0.00623536]
[-0.00760691]
[-0.00145211]
[0.00239]
[-0.00247211]
[-0.00054632]
[-0.00100367]
[0.00297983]
[0.00057334]
[-0.00079064]
[-0.00011818]
[-0.00534948]
[-0.00061209]
[0.00100737]
[-0.00037014]
[-0.00085653]
[-0.00603265]
[0.0013008]
[-0.00104457]
[8.351909e-05]
[-0.00124953]
[-0.00073832]
[0.000681]
[-0.00479293]
[-0.00089615]
[-0.00137889]
[-0.00222782]
[-0.00020258]
[-0.00089103]
[-0.00303828]
[-0.00185778]
[-0.00079317]
[-0.00074733]
[0.001107]
[-0.0030909]
[-0.00872958]
[0.00047268]
[-0.00061817]
[-0.00029835]
[-0.00170635]
[0.00238971]
[-0.00243555]
[0.00054198]
[1.5974394e-05]
[-0.00219976]
[-0.00114455]
[-5.208663e-05]
[0.00134578]
[-0.00080157]
[-0.00274005]
[0.00061412]
[0.00015399]
[0.00072589]
[-0.00062498]
[-0.0006785]
[-0.0011865]
[-0.00070543]
[0.00139586]
[-0.00219951]
[-0.00074037]
[-0.00061817]
[-0.0011865]
[-0.00220277]
[-0.00039851]
[-0.00534948]
[-0.00077655]
[-0.00101601]
[-0.00185778]
[-0.00058563]
[-0.00012735]
[-0.00243555]
[-0.00231724]
[6.5839035e-05]
[-0.00219951]
[0.0013008]
[-0.00405337]
[-0.00085653]
[-0.00085326]
[-0.0004967]
[-5.748385e-05]
[-0.00080157]
[-0.00303531]
[-0.00077655]
[-0.00109112]
[-0.00518866]
[-0.00157844]
[-0.00114455]
[-0.00027863]
[-0.00074733]
[0.00041797]
[-0.0042048]
[-0.00248482]
[0.00177643]
[-0.00046516]
[-0.00042911]
[-0.00872958]
[-0.00815641]
[-0.00275173]
[-0.00479293]
[-0.00222782]
[-0.00029871]
[-0.00058563]
[-0.00309995]
[-0.00128944]
[-0.00711972]
[-0.00232742]
[0.00034101]
[-0.00534948]
[-0.00534948]
[-5.748385e-05]
[-0.0042048]
[-5.208663e-05]
[-0.0004967]
[0.00072589]
[0.00100737]
[0.00057334]
[0.00230168]
[-0.00054632]
[-0.00673388]
[-0.00488468]
[0.00061412]
[-0.0024666]
[0.00034101]
[-0.0006785]
[-0.00065968]
[-0.0004967]
[-0.00124953]
[-0.00674257]
[-0.00450668]
[0.00085329]
[-0.00405337]
[-0.00037014]
[-0.00579462]
[0.00153948]
[-0.00142571]
[-0.00248016]
[-0.00061209]
[8.351909e-05]
[-0.00232742]
[-0.00818538]
[-0.00367809]
[-0.00206496]
[-0.00218515]
[-0.00058147]
[-0.00303828]
[-0.00482431]
[-0.00185778]
[-0.00502756]
[-0.0042048]
[-0.00309995]
[0.00126197]
[-0.00035374]
[-0.00077081]
[-0.00195884]
[-0.00345076]
[-0.00146773]
[-0.00501497]
[-0.00085326]
[-0.00085326]
[-0.00579462]
[1.2433273e-05]
[-0.00019744]
[-0.00139715]
[-0.00450668]
[0.00057334]
[-0.00554517]
[0.00054034]
[0.00044866]
[-0.00170635]
[-0.00082407]
[0.00072589]
[-0.00101601]
[-0.00303053]
[-0.00058418]
[-0.00012409]
[-0.00149316]
[-0.00493605]
[2.9019138e-05]
[-0.00134935]
[-0.00679413]
[-0.00023544]
[-0.00042042]
[-0.0006972]
[-0.00267985]
[-0.00042042]
[0.00061792]
[-0.00042042]
[-0.00042042]
[-0.00047633]
[-0.00135317]
[-0.00149316]
[-0.00212483]
[-0.00023737]
[0.00039225]
[-0.00149316]
[-0.00393888]
[-0.00393888]
[-0.00202738]
[-0.00015935]
[-0.00114896]
[-0.00212483]
[-0.00596662]
[-7.0998212e-06]
[-0.00156583]
[-0.00127728]
[-0.00585042]
[-0.00063938]
[-0.00099269]
[-0.0024025]
[-0.00165492]
[6.850052e-05]
[-0.00483934]
[-5.644723e-05]
[-0.00139704]
[-0.00118242]
[0.00120097]
[-0.0041718]
[0.00026687]
[-0.00084845]
[0.00453018]
[-0.00531733]
[-0.00320876]
[-0.00441314]
[0.00059448]
[-0.0021772]
[-0.00020056]
[0.00016047]
[-0.00039549]
[-0.00372992]
[-0.00132232]
[0.00254905]
[-0.0007492]
[-0.00039549]
[-0.00252824]
[-0.00011083]
[0.00010798]
[-0.00023544]
[0.00137416]
[-0.00048185]
[-0.00102133]
[-0.00173685]
[-0.00235122]
[-0.00139704]
[-2.1173473e-05]
[-0.00156185]
[2.4935754e-05]
[-0.00483934]
[-0.00048636]
[-0.00403318]
[2.5074405e-06]
[-0.00019198]
[-0.00132864]
[-0.00126633]
[-0.00067207]
[-0.00126633]
[-0.00198727]
[-0.00077956]
[0.00026687]
[-0.00023544]
[-0.00352125]
[-0.00011083]
[-0.00042646]
[0.00022178]
[-0.00038944]
[-0.0006972]
[-0.00210282]
[0.00205203]
[-0.00125127]
[-0.00084845]
[-0.0012244]
[0.00453018]
[-0.0010008]
[-0.00372992]
[-0.00097928]
[-0.00047633]
[-0.00039549]
[0.00109944]
[-0.00135317]
[-0.00080195]
[-0.00793011]
[-0.00053404]
[0.00059448]
[-0.00149309]
[-0.00149309]
[-0.00053404]
[-0.00144273]
[2.0697567e-05]
[0.00035203]
[0.00016047]
[0.00091613]
[-0.00126176]
[-0.00165108]
[0.00095793]
[0.00077738]
[-0.00165492]
[0.00026687]
[-0.00074586]
[-0.00233619]
[-0.00625741]
[-0.00097928]
[0.00095793]
[-0.00025608]
[-0.00019198]
[-3.2599608e-05]
[-0.00588862]
[-0.00093915]
[-0.00093915]
[-0.00439932]
[-0.0006852]
[-0.00114896]
[-0.00212483]
[-0.00048185]
[-0.00861772]
[-0.00202738]
[-0.00267217]
[-0.0015739]
[-0.00086772]
[0.00135413]
[-0.00302443]
[-0.00025608]
[-0.0021772]
[-0.00140357]
[-0.0007356]
[0.00059448]
[-0.00198727]
[-0.00233619]
[-0.0021772]
[-0.00039549]
[-0.00159522]
[2.4935754e-05]
[-0.0041718]
[6.850052e-05]
[0.00061792]
[4.5880966e-05]
[-0.00596662]
[-0.0022967]
[-0.00206451]
[-0.00149316]
[-0.0030344]
[-0.00073995]
[-4.93502e-06]
[-0.0086986]
[-3.2599608e-05]
[-0.00158728]
[-0.00115335]
[-0.00602388]
[-0.00406814]
[0.00048739]
[-0.00404434]
[0.00217148]
[-0.00196418]
[0.00202537]
[-0.0030007]
[0.00065543]
[0.00217148]
[-0.0030007]
[-0.00109978]
[-0.00130637]
[-0.0042865]
[0.00196809]
[-0.00134699]
[-0.00529589]
[0.00070338]
[0.00015462]
[-0.00104617]
[-0.00333627]
[3.745139e-05]
[-0.00060456]
[0.00021776]
[-0.00406814]
[-0.00205492]
[-0.00060974]
[-0.00383495]
[-0.00568128]
[-0.00038771]
[-0.00406718]
[-0.00175612]
[-0.00567316]
[-0.00276698]
[-0.00383164]
[-0.00022128]
[-0.0030007]
[-0.00325263]
[0.00115454]
[-0.00077703]
[0.0028315]
[0.00310394]
[-0.00060456]
[-0.00567316]
[-0.00066351]
[0.0028315]
[5.392183e-05]
[0.00021776]
[-0.00594089]
[0.00065137]
[-0.00277301]
[-0.00076527]
[0.00065137]
[-0.00024187]
[0.00065543]
[0.00104345]
[-0.00192319]
[-0.00167978]
[0.00228434]
[0.00096132]
[0.00033024]
[-0.00383164]
[-2.0801672e-05]
[-0.00111161]
[0.000734]
[-0.00146214]
[-0.00283252]
[0.0015368]
[-0.00199698]
[-0.00275582]
[-0.00404434]
[0.00174493]
[-0.00275582]
[-0.0006726]
[-0.00222022]
[-0.00540602]
[-0.00406814]
[-0.0002462]
[-0.00043506]
[-0.00259251]
[0.0002808]
[-0.00437547]
[-0.00063898]
[-0.00104203]
[-0.00404434]
[-0.00205492]
[-0.00165529]
[-0.00594089]
[-0.00335116]
[-0.00179985]
[-0.00056086]
[-0.00304466]
[-0.0030007]
[-0.00099832]
[-0.00109978]
[-0.00231265]
[-0.0077115]
[-0.00036825]
[-0.00077703]
[-0.00038771]
[-0.00270346]
[-0.0002462]
[-0.00111161]
[-0.00309796]
[0.00217148]
[0.00186558]
[0.00213332]
[-0.00304466]
[-0.00540602]
[-0.00309796]
[0.00012867]
[-0.00196418]
[0.00083048]
[-0.00460286]
[-0.00076527]
[0.00048739]
[-0.00038072]
[-0.0020245]
[0.00361896]
[-0.00043506]
[-0.00214707]
[-0.00383164]
[0.00032643]
[0.00202537]
[-0.00077703]
[0.00528762]
[-0.00185006]
[-0.00594089]
[-0.0013508]
[-0.00137469]
[-0.00027813]
[-0.0009593]
[-0.00038771]
[-0.00196418]
[0.00196809]
[-0.00052115]
[0.0015368]
[-0.00030688]
[0.00046678]
[-0.00030688]
[-0.00245737]
[0.00189611]
[-0.00320001]
[-0.00030688]
[-0.00092021]
[-0.00043506]
[0.00054775]
[0.00132651]
[0.00063076]
[-0.00115335]
[0.00090432]
[-0.00060456]
[0.00090432]
[-0.00283252]
[-0.00104203]
[-0.00602388]
[-2.0801672e-05]
[-0.00124212]
[-0.00499705]
[-0.00602388]
[-0.00015092]
[0.0005985]
[0.00081813]
[0.00194294]
[0.00158242]
[-0.00245728]
[-0.00119054]
[0.00120594]
[-0.00242956]
[-0.0040562]
[0.00321327]
[0.00122178]
[0.00010391]
[-0.00578955]
[-0.00125753]
[0.00047953]
[0.00199687]
[-0.00030847]
[-0.00015401]
[-0.0004459]
[-0.00081658]
[0.00063561]
[0.00256321]
[-0.00084638]
[-0.00125238]
[-0.00358465]
[-0.00089727]
[-0.0024907]
[-0.00163754]
[0.00194294]
[-0.00578955]
[-0.00053404]
[-0.0012238]
[0.0014441]
[-0.00081658]
[0.00816336]
[-0.00125238]
[-0.0004459]
[0.00176918]
[-0.0042616]
[-0.0023283]
[-0.00358465]
[0.00030435]
[-0.00039008]
[-0.00092032]
[0.00018085]
[-0.00203896]
[-0.00030847]
[0.00041179]
[-0.00166621]
[-0.0012238]
[-0.00457839]
[0.00311612]
[-0.00457839]
[0.00122178]
[0.00122178]
[-0.0014427]
[0.00120594]
[-0.00386788]
[-0.00073794]
[-0.00344579]
[-0.0042616]
[0.00199687]
[0.00087546]
[0.00170236]
[-0.00257274]
[0.00047953]
[-0.00562018]
[-0.00536183]
[-0.00052053]
[-0.00056739]
[-0.00013165]
[0.00282578]
[-0.00044393]
[-3.0952215e-05]
[0.00375418]
[0.00199687]
[5.4775912e-05]
[-0.00051642]
[-0.00399468]
[-0.00056739]
[-0.0012238]
[0.00118868]
[-0.00283283]
[0.00051421]
[-0.00052807]
[0.00092435]
[-3.0952215e-05]
[-0.0040562]
[-0.00693048]
[-5.9123267e-06]
[0.00088678]
[0.00018085]
[0.00201556]
[-0.00077951]
[-0.00015401]
[-0.00067512]
[-0.00040095]
[-0.00224153]
[-0.00313606]
[-0.00185186]
[0.00019729]
[0.00030435]
[-0.00330176]
[0.00199687]
[0.00161633]
[0.00016737]
[0.00816336]
[-0.00498234]
[0.00148178]
[-0.00034696]
[-0.00396278]
[0.00021063]
[-0.00052187]
[-0.0044009]
[-0.00178226]
[-0.00034657]
[-0.00034696]
[-0.00099156]
[-0.00099514]
[-0.00192191]
[2.2013643e-05]
[0.00321327]
[-0.0021817]
[-0.00059602]
[-0.00548994]
[-0.00017657]
[0.00051421]
[-0.00451306]
[-0.00313606]
[-4.4148415e-05]
[-0.0008448]
[-0.00358465]
[0.00057919]
[-0.00057922]
[0.00148178]
[0.00161633]
[-0.00245728]
[-0.00071355]
[-0.0019334]
[-0.00451306]
[-0.00365372]
[-0.00128151]
[-0.00511735]
[-0.00192191]
[-0.00067512]
[-0.00170568]
[-0.00399468]
[-0.0008134]
[-0.00057922]
[-0.0004459]
[0.00030435]
[-0.00192191]
[6.385031e-06]
[0.00078795]
[-0.00632064]
[-0.00166621]
[0.00129914]
[-0.00242956]
[0.00019729]
[-0.00039963]
[-0.00036923]
[0.00311612]
[-0.0023283]
[-0.00125238]
[-0.0014427]
[-0.00495421]
[-0.00163754]
[-0.00515738]
[0.0009777]
[-0.00076227]
[0.00075654]
[0.00157624]
[-0.00408877]
[-0.00108142]
[0.0002906]
[0.00321135]
[-0.00098584]
[-9.0447895e-05]
[-0.00408877]
[0.00142079]
[9.393343e-05]
[-0.00109452]
[-0.0009847]
[-0.00118652]
[0.00172118]
[6.201153e-07]
[-0.00125787]
[-0.00075865]
[-0.00067198]
[-0.00078666]
[-0.00113216]
[0.0003349]
[-0.00409038]
[0.00238335]
[-0.00408877]
[0.00156308]
[-0.00166472]
[-0.00085611]
[0.0009777]
[0.00065394]
[-0.00168736]
[-0.0004874]
[-0.00052865]
[-0.00320718]
[0.00110582]
[-0.00183126]
[-0.00091707]
[-0.00358452]
[0.00055616]
[-0.00034012]
[-0.00236036]
[0.0012915]
[-0.00124433]
[-0.00138267]
[0.00070768]
[-0.00276284]
[-0.00020098]
[0.0012915]
[-0.00417187]
[-0.00075865]
[0.00341402]
[-0.00204194]
[-0.00140784]
[0.00010995]
[-0.00176823]
[-2.6427268e-05]
[-0.00115309]
[-0.00053913]
[-0.00212591]
[-0.00166472]
[-0.00029003]
[0.00058022]
[-0.00812335]
[0.00201471]
[-0.00105064]
[-0.00459456]
[-0.00195714]
[-0.00167388]
[0.00054911]
[-0.00024401]
[-0.00575945]
[-0.00084966]
[-0.00082415]
[-0.00276284]
[-0.0028152]
[0.00142079]
[-0.00053913]
[-0.00112859]
[-0.00113216]
[-0.00132837]
[-0.0003649]
[0.00041889]
[0.0009777]
[-0.00108869]
[-6.319891e-05]
[-0.00144313]
[0.0009777]
[-0.00212591]
[-0.00075469]
[0.00287708]
[-0.00287672]
[-0.00124904]
[-0.00052705]
[0.00073385]
[-0.00358294]
[-0.00197442]
[-0.00063206]
[-0.00508431]
[-0.00066091]
[0.0012707]
[0.00024224]
[-0.00409038]
[-5.7425583e-05]
[0.00041179]
[-0.00106865]
[0.00041889]
[-0.00053913]
[-0.00141597]
[0.00073385]
[-0.00051947]
[0.00126741]
[-0.00029003]
[-0.00085611]
[-0.00167388]
[0.00238335]
[0.00142079]
[-0.00124904]
[-0.00125128]
[-0.00208574]
[-0.0007139]
[-0.00201089]
[-0.00208574]
[-0.000923]
[0.00138254]
[0.0009777]
[-0.00575945]
[-0.00392959]
[-0.00125787]
[-0.00066202]
[-0.00137776]
[0.00138254]
[-0.0012795]
[-0.00098248]
[-0.00135704]
[-0.00137776]
[-0.0006395]
[-0.00057556]
[-0.00113216]
[-0.00204194]
[-2.6427268e-05]
[-0.00320718]
[-0.00166472]
[-0.00064642]
[-0.00137776]
[0.0001335]
[-0.00072862]
[-0.00092179]
[0.00065394]
[-0.00053913]
[-0.00144313]
[-0.00137776]
[-0.00074469]
[-0.00031697]
[0.00138298]
[-0.00095522]
[-0.00076607]
[-0.00135704]
[-0.00574893]
[-0.00064642]
[-0.00122174]
[-0.00074625]
[-0.00112859]
[-0.0005922]
[-0.00182744]
[0.0012915]
[-0.00089764]
[-0.00219599]
[-0.00210466]
[-0.00344624]
[-0.00094046]
[0.00132525]
[0.0003747]
[-0.00080305]
[-0.00389045]
[-0.0006943]
[0.00010977]
[0.00010828]
[-0.00276685]
[0.00104767]
[-0.00415791]
[0.00091471]
[-0.00117109]
[-0.00024679]
[0.00375854]
[-0.00024679]
[-0.00650714]
[-0.00044059]
[-0.00203562]
[0.0003281]
[0.00010261]
[-0.00281878]
[-0.00243475]
[-0.00056285]
[0.00144428]
[-0.00116002]
[-0.0006943]
[-0.00290054]
[0.00038185]
[-0.00204313]
[-0.0023334]
[-0.00086885]
[-0.00138758]
[-0.00024907]
[0.00108772]
[0.00437043]
[-0.00024907]
[-0.00089532]
[-0.00285954]
[0.00024294]
[0.00224074]
[-0.00281878]
[-0.00291023]
[-0.00650714]
[0.00105876]
[-0.00083509]
[-0.00132385]
[-0.00044059]
[-0.00024907]
[0.00016635]
[0.00075757]
[0.00024737]
[-0.00043359]
[0.00089425]
[-0.00093398]
[-0.00138001]
[-0.00254508]
[-0.00123384]
[-0.00043359]
[0.00019774]
[-0.0006943]
[-0.00080305]
[0.00216554]
[-0.00057486]
[-0.00243475]
[-0.00640205]
[-0.00397465]
[0.00058783]
[-0.00249689]
[-0.00138758]
[-0.00086233]
[-0.00132385]
[5.5310666e-06]
[-0.00069168]
[-0.00268989]
[-0.00055006]
[0.00014844]
[-0.00284974]
[-0.00249535]
[-0.00793188]
[-0.00053031]
[0.00021557]
[0.00044448]
[-0.00556993]
[-0.0024943]
[-0.00075663]
[-0.00210466]
[-0.00064363]
[0.00144428]
[-0.00344624]
[-0.00285954]
[-0.00093398]
[-0.00650714]
[-0.00368676]
[-0.00072117]
[0.00016635]
[0.00134993]
[0.0003281]
[-0.00268989]
[-0.00135723]
[-0.00044618]
[-0.00126441]
[-0.00344039]
[-0.00281878]
[-0.00125535]
[-0.00055682]
[-0.00203562]
[-0.00226614]
[0.00035477]
[-0.00078013]
[-0.00134043]
[0.00016635]
[-0.00036445]
[0.00360989]
[0.00173351]
[-0.00078013]
[0.00108772]
[-0.00125535]
[-0.00174708]
[-0.00226614]
[0.00218268]
[0.00132525]
[-0.00141962]
[-0.00235944]
[0.00247045]
[0.00144428]
[0.00024294]
[0.00089425]
[-0.0064011]
[0.00089425]
[-0.00314972]
[0.00067122]
[-0.00194133]
[-0.00251707]
[-0.00203562]
[0.0017959]
[-0.0010323]
[-0.00203562]
[-0.00032439]
[-0.00389045]
[-0.00290054]
[-0.00141962]
[0.00051499]
[-0.00083509]
[0.00116032]
[-0.00368676]
[-0.00042051]
[0.0003281]
[-0.0064147]
[-0.00249535]
[-0.00329261]
[-0.00141962]
[-0.00164301]
[-0.00041424]
[-0.00307129]
[0.00038185]
[0.00203138]
[-0.00201164]
[0.0002596]
[0.00075757]
[-0.00131929]
[-0.00105154]
[0.00257524]
[-0.00174708]
[-0.00423164]
[-0.00103342]
[0.000252]
[0.00372027]
[-0.00047341]
[-0.00175335]
[-0.00027642]
[-0.00032302]
[-0.005139]
[0.000252]
[-0.00307993]
[-0.00080513]
[-0.00177714]
[-0.00027642]
[6.5590604e-05]
[0.00134175]
[-0.00242449]
[-0.00145198]
[-0.00078819]
[0.00159005]
[-0.00072605]
[-0.00129033]
[-0.00107062]
[-0.00104071]
[-0.0005351]
[0.00040576]
[0.00052917]
[-0.00083464]
[-8.148208e-05]
[0.0008096]
[-0.00090745]
[0.0012266]
[-0.00069375]
[-0.00072098]
[-0.00142464]
[-0.00038947]
[-0.00174922]
[-0.00371516]
[0.00018218]
[-0.00421826]
[0.00158483]
[-0.00045363]
[-0.00297473]
[3.835885e-06]
[0.00022323]
[-0.00078819]
[-0.00584671]
[-0.00177331]
[-0.00027642]
[-0.00107062]
[-0.00446138]
[-0.0001167]
[-0.00124637]
[0.00052917]
[-0.00159645]
[-0.00018897]
[-0.00117083]
[-0.00182072]
[-0.00386047]
[-0.00560053]
[0.00097874]
[-0.00040901]
[-0.00047341]
[-0.00073052]
[0.00121687]
[0.00052917]
[-0.00049168]
[0.00121687]
[-0.00045363]
[-0.00059708]
[-0.00421826]
[-0.00243601]
[0.00121687]
[-0.00023327]
[-0.00168429]
[-0.00040901]
[-0.00540495]
[-0.00055453]
[-0.00185255]
[-0.00049168]
[-0.00032302]
[-0.00104071]
[0.00195543]
[0.00097409]
[-0.00100609]
[0.00040856]
[-0.00243601]
[-0.0005351]
[-0.00107062]
[-0.00180624]
[-0.00073052]
[-0.00137114]
[-0.00117083]
[-0.00244883]
[-0.00071078]
[-0.00044639]
[0.000252]
[0.00037192]
[-0.00361213]
[-0.00185255]
[-0.00392305]
[-0.00044109]
[-0.00159133]
[-0.00023888]
[-0.00370832]
[-0.00448248]
[-0.00015008]
[-0.00129033]
[0.00065147]
[0.0012266]
[-0.00371516]
[-0.00789856]
[-0.00049168]
[9.475561e-05]
[-0.00078819]
[-0.00128718]
[-0.00112712]
[-1.08834065e-05]
[0.00250874]
[-0.00303789]
[-0.00029733]
[-0.00083676]
[-0.00159133]
[-0.00332157]
[-8.148208e-05]
[-0.00027642]
[0.00158483]
[-0.00054318]
[-0.00079364]
[-0.00073377]
[-0.0026441]
[-0.00071078]
[0.001317]
[0.00064551]
[-0.00032302]
[0.00084402]
[-0.00083464]
[0.00134175]
[-0.0060843]
[0.00134175]
[-0.00016644]
[-0.00145198]
[-0.00177331]
[-0.00047341]
[-7.923195e-05]
[-0.0024539]
[3.835885e-06]
[0.00064551]
[-0.00457244]
[-0.00100609]
[-0.00108481]
[-0.00129033]
[-0.00540495]
[-0.00244883]
[-0.00032302]
[-0.00015923]
[0.001317]
[-0.00142175]
[-0.00081467]
[-0.00525377]
[-0.0029265]
[0.00359949]
[-0.00166664]
[-0.00206229]
[-0.00055615]
[-0.0047552]
[-0.00164754]
[-0.00253737]
[-0.0014011]
[-0.00196695]
[0.00115889]
[-0.00129199]
[0.0013081]
[-0.00027913]
[-0.00460877]
[-0.00203422]
[-0.00206229]
[0.00036468]
[-4.084423e-05]
[-0.00448633]
[-0.00907342]
[-0.00822031]
[0.00047156]
[-0.00335668]
[-0.00085716]
[-0.0014011]
[0.00060216]
[-0.00081467]
[0.0013081]
[0.00142625]
[-0.00027913]
[-0.00248596]
[-0.00448238]
[6.970856e-05]
[-0.00433689]
[-0.00324284]
[-0.00038141]
[-0.00104922]
[0.00053268]
[0.00047156]
[0.0026632]
[0.00019241]
[-0.00363576]
[-0.00166664]
[-3.814613e-05]
[-0.00118883]
[-0.00322787]
[-0.00250642]
[0.00147454]
[-0.00088653]
[0.00056501]
[-0.00061201]
[0.00151118]
[0.00082977]
[-0.00907342]
[0.00054005]
[-8.890839e-05]
[-0.00138007]
[-0.00038779]
[-0.00324284]
[-0.00261645]
[-0.00034615]
[-0.00045454]
[-0.00456341]
[0.0026632]
[0.00361327]
[-0.00095422]
[-0.00046224]
[-0.00081955]
[-0.00333906]
[-0.00210649]
[-0.00110791]
[0.00147454]
[-0.0016144]
[-0.00023645]
[-0.00199782]
[0.00060501]
[-0.0047552]
[-0.0062632]
[-0.0029265]
[-0.00463268]
[-0.00106729]
[0.00082977]
[-0.00106729]
[0.00172605]
[-0.00060668]
[9.29003e-05]
[-0.00072328]
[-0.00204538]
[-0.00048602]
[0.00204799]
[-0.00088653]
[-0.0014173]
[-0.00142036]
[-0.00335668]
[-0.00133227]
[-0.0039104]
[-0.00175316]
[-0.0014019]
[-0.00456341]
[0.00204799]
[0.00076403]
[-0.00131859]
[0.00019241]
[-0.00015919]
[-0.00149498]
[-0.00059068]
[-0.00460877]
[-0.00044448]
[0.00174112]
[0.00054005]
[-0.00028758]
[-0.00210649]
[-0.00129199]
[-0.00229362]
[0.00019241]
[-0.00118883]
[0.00048001]
[0.00112373]
[-0.00166664]
[-0.00120695]
[-0.00456341]
[-0.00088653]
[0.00036468]
[-0.00907342]
[-0.0005937]
[0.0038514]
[-0.0062632]
[-0.00038779]
[0.00361327]
[-0.0039104]
[-0.00015919]
[5.411246e-05]
[-0.00058443]
[-0.0029265]
[0.00026133]
[-0.00096391]
[-0.00061201]
[-0.00253737]
[-0.0105644]
[0.00054005]
[-0.00324284]
[0.00022832]
[-4.084423e-05]
[0.00117209]
[-0.00106063]
[0.00223732]
[0.0026632]
[-0.00309057]
[-0.0029265]
[-0.00066362]
[-0.00052642]
[-0.00161002]
[-0.00351715]
[-0.00045454]
[-0.00085716]
[0.00202534]
[0.00202534]
[-0.00061152]
[0.00012566]
[-0.00391652]
[-0.00061152]
[-0.00020392]
[0.00020588]
[-0.00204435]
[-0.00204435]
[0.00202534]
[0.00143242]
[0.00143242]
[-0.00383303]
[-0.00297243]
[0.00124691]
[0.00020588]
[-0.00307498]
[0.00017698]
[-0.00684491]
[0.00061876]
[0.00061876]
[-0.00061152]
[-0.00249966]
[0.00124691]
[0.00547852]
[-0.00079301]
[0.00202534]
[0.00012566]
[0.00118515]
[0.00118515]
[-0.00249966]
[-0.00684491]
[-0.00297243]
[0.00202534]
[0.00159143]
[-0.00383303]
[0.00159143]
[-0.00249966]
[0.00124691]
[-0.00297243]
[0.00159143]
[0.00202534]
[0.00143242]
[-0.00249966]
[-0.00684491]
[0.00547852]
[-0.00307498]
[-0.00204435]
[0.00202534]
[0.00124691]
[-0.00249966]
[-0.00066793]
[0.00143242]
[0.00124691]
[0.00146427]
[0.00318652]
[-0.00066793]
[-0.00061152]
[0.00202534]
[-0.00249966]
[-0.00079301]
[-0.00297243]
[0.00143242]
[-0.00028068]
[0.00233672]
[-0.00200153]
[-0.00080016]
[0.00233672]
[0.00119383]
[-0.00048511]
[0.00119383]
[-0.00313499]
[0.00233672]
[0.0019019]
[-0.00313499]
[-0.00028068]
[-0.00048511]
[0.00119383]
[0.00071829]
[-0.00323716]
[-0.00028068]
[0.00091003]
[-0.00240499]
[0.00119383]
[-0.00080016]
[-0.00240499]
[0.00017649]
[0.00581011]
[-0.00313499]
[0.00033985]
[-0.00323716]
[0.00581011]
[-0.00202794]
[-0.00048511]
[0.00033985]
[0.00091003]
[0.00031697]
[0.00031697]
[0.00581011]
[-0.00028068]
[0.00031697]
[-0.00028068]
[-0.00200153]
[-0.00028068]
[0.00119383]
[-0.00323716]
[0.00071829]
[0.00033985]
[0.00071829]
[0.00119383]
[-0.00200153]
[0.00119383]
[-0.00240499]
[0.0019019]
[-0.00313499]
[-0.00080016]
[-0.00117292]
[-0.00117292]
[-0.00200153]
[0.00542689]
[0.00091003]
[-0.00200153]
[-0.00080016]
[-0.00200153]
[0.0019019]
[0.00071829]
[-0.00323716]
[-0.00048511]
[0.00033985]
[0.00071829]
[0.00581011]
[-0.00313499]
[-0.0018047]
[-0.0018047]
[-0.00528232]
[-0.00658667]
[-0.00119223]
[0.00237782]
[-0.00150584]
[-0.01032133]
[0.00071101]
[0.00325218]
[-0.0018641]
[0.00071101]
[0.00335224]
[-0.0018047]
[-0.01032133]
[-0.0018047]
[0.00427132]
[0.00453116]
[-0.0018047]
[0.00427132]
[0.00335224]
[0.00554002]
[0.00021777]
[0.00325218]
[0.00453116]
[0.0011949]
[-0.00615471]
[-0.00119223]
[0.00427132]
[-0.00658667]
[-0.0018641]
[-0.0018641]
[0.00071101]
[0.00325218]
[0.00071101]
[-0.00191727]
[0.00453116]
[-0.00191727]
[0.00554002]
[0.00453116]
[-0.00615471]
[0.00325218]
[-0.00294251]
[-0.00294251]
[-0.0018047]
[0.00427132]
[0.00453116]
[-0.00119223]
[-0.00528232]
[0.00335224]
[-0.00191727]
[0.00453116]
[-0.00150584]
[-0.0018047]
[0.00427132]
[-0.00150584]
[-0.00376493]
[0.00071101]
[-0.01032133]
[-0.00615471]
[-0.00615471]
[-0.00528232]
[-0.01032133]
[-0.00119223]
[-0.00342582]
[0.00021777]
[0.00071101]
[-0.01032133]
[-0.0018047]
[-0.00342582]
[-0.00191727]
[-0.00376493]
[-0.0018641]
[-0.00315282]
[-0.0018047]
[0.0011949]
[0.00017364]
[-0.00150584]
[0.00071101]
[-0.00342582]
[-0.00294251]
[0.00554002]
[-0.01291078]
[-0.00892293]
[-0.00075855]
[0.0023451]
[0.00703671]
[0.00294881]
[-0.00529904]
[-0.00465649]
[-0.00529904]
[-0.0002621]
[-0.00529904]
[-0.00620846]
[-0.003155]
[-0.0002621]
[-0.00211073]
[0.00106254]
[0.00075448]
[-0.00014771]
[-0.00075855]
[-0.0070882]
[-0.00122552]
[-0.00075855]
[0.0023451]
[-0.01291078]
[-0.00211073]
[-0.00356363]
[0.00214738]
[-0.00014771]
[0.00214738]
[-0.00465649]
[-0.00082674]
[0.00703671]
[-0.00741077]
[-0.00620846]
[-0.00070563]
[-0.00070563]
[-0.00051635]
[-0.0002621]
[0.00703671]
[0.00106254]
[-0.00892293]
[-0.00529904]
[-0.0070882]
[0.00106254]
[-0.00051635]
[-0.00741077]
[-0.00356363]
[-0.00051635]
[-0.00070563]
[-0.003155]
[-0.00892293]
[-0.00070563]
[-0.00465649]
[-0.00737626]
[-0.00075855]
[-0.00737626]
[-0.00620846]
[-0.00075855]
[-0.00737626]
[0.00703671]
[-0.0070882]
[-0.00051635]
[-0.00741077]
[-0.00741077]
[-0.0002621]
[-0.00892293]
[0.00214738]
[-0.00356363]
[-0.00741077]
[0.00075448]
[-0.00620846]
[-0.00051635]
[-0.00892293]
[-0.01291078]
[0.00214738]
[0.00294881]
[0.00027942]
[0.00321506]
[0.00027942]
[-0.00238242]
[0.00027942]
[-0.0003107]
[-0.00241803]
[0.00321506]
[-0.00119236]
[-0.00732161]
[0.00148855]
[-0.00418753]
[0.00148855]
[-0.00222416]
[0.0024551]
[-0.00241803]
[-0.00349111]
[0.00123434]
[0.00148855]
[-0.00119236]
[0.00170766]
[0.00027942]
[0.00190185]
[-0.00523029]
[0.00512558]
[-0.00238242]
[-0.00523029]
[-0.00740043]
[-0.00184083]
[0.00346799]
[-0.00523029]
[-0.0032846]
[0.00148855]
[-0.00222416]
[-0.00238242]
[0.00148855]
[0.00027942]
[-0.0032846]
[0.00104109]
[-0.00740043]
[-0.00130276]
[0.00321506]
[0.00123434]
[0.00321506]
[-0.0070393]
[-0.00222416]
[-0.00238242]
[-0.00119236]
[-0.00523029]
[0.00512558]
[0.00104109]
[-0.00222416]
[0.00123434]
[-0.00184083]
[0.0024551]
[-0.00241803]
[-0.00740043]
[-0.00740043]
[-0.00234866]
[-0.00241803]
[-0.00234866]
[0.00027942]
[0.00512558]
[-0.00238242]
[-0.0032846]
[-0.00241803]
[-0.00418753]
[0.00321506]
[-0.00281553]
[-0.00740043]
[-0.00281553]
[0.00027942]
[-0.00084729]
[-0.00222416]
[-0.00349111]
[-0.00418753]
[-0.0070393]
[0.00148855]
[0.0024551]
[-0.00349111]
[-0.00281553]
[-0.00281553]
[-0.00234866]
[-0.00234866]
[-0.00523029]
[0.0054721]
[0.00391989]
[0.00095078]
[0.00265613]
[0.0026893]
[0.0051483]
[-0.00140436]
[0.00520294]
[-0.00395524]
[-0.00200543]
[0.0036043]
[0.00341549]
[0.00265613]
[0.0051483]
[0.00478916]
[0.0114776]
[0.00831074]
[0.00265613]
[-0.00249811]
[-0.00081881]
[-0.00170722]
[-0.0053131]
[-0.00081881]
[0.0051483]
[0.00174199]
[0.00174199]
[0.00831074]
[-0.00081881]
[-0.00081881]
[0.00265613]
[0.00391989]
[0.00174199]
[-0.00249811]
[-0.00081881]
[-0.00214523]
[0.0026893]
[0.00391989]
[-0.00249811]
[-0.00249811]
[0.00478916]
[0.00520294]
[0.00095078]
[-0.00395524]
[0.00520294]
[0.00520294]
[0.00095078]
[0.0036043]
[-0.00170722]
[0.0036043]
[-0.00746662]
[0.0026893]
[-0.00200543]
[0.00135544]
[0.0114776]
[-0.00249811]
[0.00341549]
[-0.0053131]
[0.00341549]
[0.0054721]
[0.00520294]
[-0.00746662]
[-3.792075e-05]
[-3.792075e-05]
[-0.00756209]
[-0.00340564]
[-0.00265152]
[-0.00181879]
[-0.00972854]
[0.00627319]
[0.02196707]
[-0.00136035]
[-0.00552917]
[0.00095771]
[-0.00737769]
[0.00095771]
[-0.01231279]
[-0.00737769]
[-0.00681127]
[0.02196707]
[-0.00474164]
[-0.00181879]
[-0.00136035]
[0.01181528]
[-0.00485885]
[-0.0007614]
[0.00105627]
[-0.00977224]
[-0.00097332]
[-0.00097332]
[-0.00977224]
[-0.00136035]
[-0.00485885]
[-0.00485885]
[-0.00136035]
[-0.00545184]
[-0.00037315]
[-0.00037315]
[-0.00729179]
[0.00105627]
[-0.00552917]
[-0.00502057]
[-0.00340564]
[0.00105627]
[-0.00097332]
[0.00095771]
[-0.0007614]
[-0.00977224]
[0.02196707]
[-0.00265152]
[-0.01231279]
[-0.00136035]
[-0.00474164]
[-0.00977224]
[-0.00729179]
[-0.01231279]
[-0.00729179]
[-0.00729179]
[-0.00097332]
[0.00095771]
[0.02196707]
[0.00063876]
[-0.00545184]
[-0.00097332]
[-0.00181879]
[-0.00729179]
[-0.00136035]
[-0.00485885]
[0.00105627]
[-0.00943215]
[-0.00737769]
[-0.00729179]
[-0.00943215]
[-0.00972854]
[0.00095771]
[-0.00037315]
[-0.00943215]
[-0.0007614]
[-0.00453548]
[-0.00502057]
[-0.00943215]
[0.00095771]
[-0.00340564]
[0.00063876]
[0.00105627]
[-0.00086597]
[0.00104444]
[-0.00278819]
[0.00222181]
[-0.0079113]
[0.00700938]
[0.00700938]
[0.00354912]
[0.00119244]
[-0.00600444]
[0.00271509]
[0.00087221]
[0.00271509]
[-0.00062702]
[-0.00408226]
[-0.00069862]
[-0.00313338]
[0.00700938]
[0.0048736]
[-0.00408226]
[-0.00034413]
[0.0012416]
[0.00271509]
[-0.00880302]
[-0.00313338]
[-0.00512187]
[-0.00512187]
[-0.00278819]
[0.00104444]
[-0.00313338]
[-0.00073057]
[-0.00600444]
[-0.00313338]
[-0.00069862]
[0.00271509]
[-0.00062702]
[0.00087221]
[-0.0079113]
[-0.00313338]
[-0.00880302]
[0.00087221]
[-0.00313338]
[0.00119244]
[-0.00512187]
[-0.0079113]
[0.0012416]
[-0.00034413]
[-0.0079113]
[0.0012416]
[0.00303944]
[0.00700938]
[0.00087221]
[-0.00880302]
[0.00587228]
[-0.00034413]
[-0.00408226]
[0.00700938]
[0.00587228]
[-0.00073057]
[-0.00408733]
[0.0028003]
[0.0028003]
[-0.0006331]
[0.00068803]
[0.00052929]
[0.00033316]
[0.00105094]
[-0.00202137]
[-0.0003426]
[-0.0018536]
[-0.0003426]
[-0.0013768]
[-0.0006331]
[0.00033316]
[0.00672435]
[-0.00258804]
[-0.00240882]
[0.00052929]
[0.00033316]
[-0.00408733]
[-0.00134162]
[0.00081635]
[-0.00134162]
[0.00586324]
[0.00586324]
[0.0008291]
[0.00586324]
[-0.00333479]
[-0.00202137]
[0.00033316]
[-0.0006331]
[-0.0013768]
[-0.00408733]
[-0.0018536]
[0.00068396]
[-0.00408733]
[-0.0013768]
[-0.00202137]
[0.00068396]
[0.00081635]
[-0.00468332]
[0.0008291]
[-0.00134162]
[0.00105094]
[-0.00295532]
[0.00239861]
[-0.0003426]
[0.00105094]
[0.0008291]
[0.0008291]
[0.00081635]
[-0.00240882]
[-0.00333479]
[-0.0013768]
[-0.0006331]
[0.00050017]
[0.0008291]
[0.00105094]
[0.00586324]
[-0.00202137]
[-0.0013768]
[0.00052929]
[0.00068396]
[-0.0018536]
[0.00239861]
[-0.00468332]
[-0.00408733]
[0.00105094]
[0.00672435]
[-0.00240882]
[-0.00202137]
[0.0008291]
[0.00084083]
[0.00068803]
[0.00033316]
[0.00697997]
[-0.00270561]
[-0.00279591]
[0.00607636]
[0.00550649]
[0.00019729]
[0.00716879]
[-0.003766]
[0.00716879]
[-0.00279591]
[-2.2531021e-05]
[-0.00276848]
[0.00607636]
[0.00177689]
[-0.003766]
[0.00550649]
[-0.00119172]
[-0.00499316]
[-0.00306702]
[0.00019729]
[-0.00306702]
[-0.01089269]
[0.00246336]
[-0.00542255]
[-0.00119172]
[0.00716879]
[0.00047628]
[0.01176219]
[-0.00408014]
[-2.253108e-05]
[0.00019729]
[-0.00279591]
[-0.00279591]
[0.00177689]
[0.01176219]
[0.00177689]
[-0.00279591]
[-0.003766]
[0.00155502]
[-0.00408014]
[0.00604108]
[0.00604108]
[-0.00171769]
[-0.003766]
[-0.0025394]
[0.00550649]
[0.01176219]
[-0.00119172]
[-0.00276848]
[0.00607636]
[-0.00408014]
[0.00246336]
[0.00019729]
[-0.00119172]
[0.00697997]
[-0.00542255]
[0.00773449]
[0.01176219]
[-0.00119172]
[0.00155502]
[-0.00408014]
[0.00697997]
[-0.00618731]
[-0.00270561]
[0.00177689]
[-0.00171769]
[-2.2531021e-05]
[0.00607636]
[-2.2531021e-05]
[-0.00279591]
[-0.00542255]
[0.00550649]
[0.00155502]
[-0.00542255]
[-2.2531021e-05]
[-0.00311299]
[0.00225049]
[0.00122806]
[-6.582131e-05]
[-0.00146311]
[-0.00330681]
[0.00031724]
[-0.00330611]
[-0.00311299]
[-0.00311299]
[-0.00147398]
[0.00175591]
[0.00031724]
[-0.00052677]
[-0.00147398]
[0.00317491]
[0.00122806]
[0.00495911]
[0.00122806]
[0.00175591]
[0.00517739]
[0.00296601]
[-0.00147398]
[0.00527624]
[-0.00365721]
[0.00317491]
[-0.00146311]
[0.00031724]
[-0.00219389]
[-0.00365721]
[-6.582131e-05]
[0.00139835]
[-0.00330611]
[0.0016755]
[0.00317491]
[-0.00490691]
[-0.00219389]
[-0.00052677]
[0.00225049]
[-0.00219389]
[0.00175591]
[-0.00330611]
[0.00527624]
[-0.00360798]
[0.00031724]
[0.00296601]
[-0.00365721]
[-0.00365721]
[-0.00146311]
[-0.00365721]
[-0.00360798]
[0.00031724]
[0.00495911]
[0.00317491]
[0.00511901]
[-0.00330611]
[0.00031724]
[0.00139835]
[0.00139835]
[-0.00147398]
[0.00511901]
[0.00122806]
[-0.00365721]
[0.00175591]
[0.00122806]
[-0.00360798]
[-0.00311299]
[0.00527624]
[-0.00490691]
[0.00175591]
[0.00225049]
[-0.00147398]
[0.00517739]
[0.00175591]
[0.00031724]
