[-0.00134797]
[0.00129735]
[-0.00010616]
[-0.00010616]
[-0.00133502]
[-0.00632135]
[0.00848263]
[-0.00010616]
[-0.00010616]
[0.0022276]
[0.00014329]
[-0.00039161]
[0.02187924]
[0.00223663]
[-0.00010616]
[-0.00289354]
[0.00024366]
[-0.00033391]
[0.00083856]
[-0.00039161]
[-0.00745664]
[0.0043455]
[0.0001249]
[-0.00275544]
[-0.01123689]
[-0.00010616]
[0.00052031]
[0.00059992]
[0.00410398]
[0.00033234]
[-0.00247125]
[-0.00010616]
[-0.00400945]
[-0.00652825]
[-0.00201975]
[-0.01087373]
[-0.00017029]
[0.00608417]
[-0.00010616]
[0.00119495]
[0.00608417]
[-7.344817e-05]
[-0.00010616]
[0.0052665]
[0.00145976]
[0.00014031]
[0.00062116]
[0.00523997]
[-0.00022144]
[-0.00010616]
[0.0052665]
[-0.00068323]
[-0.00409056]
[0.0051643]
[-0.00010616]
[-0.00011234]
[0.00304986]
[0.00084233]
[-0.00010616]
[-0.00735608]
[0.0052665]
[-0.01107494]
[-0.00019504]
[-0.00409056]
[-0.01311858]
[-0.00131737]
[0.00136455]
[0.00076506]
[-0.00027833]
[-0.0032495]
[-0.00098137]
[0.0052665]
[-0.002474]
[-0.00279028]
[0.00102896]
[0.00518954]
[0.00118767]
[-0.00071564]
[-0.0004331]
[0.00074708]
[-0.00022144]
[-0.00115711]
[-0.00010616]
[0.00172688]
[-0.00138928]
[-0.00074112]
[0.00078675]
[-0.00010616]
[-0.00010616]
[-0.00010616]
[-0.00010616]
[-0.00010616]
[-0.00138928]
[-0.00010616]
[-0.00409234]
[-7.671758e-05]
[-0.00010616]
[-0.00112682]
[0.0010345]
[-0.00068323]
[0.0010345]
[0.00018236]
[0.0046478]
[-0.00010616]
[-0.00138928]
[-0.0005315]
[0.00087023]
[0.00257796]
[0.00136455]
[-0.00010616]
[-0.00437879]
[-0.00330249]
[0.00054748]
[0.00951813]
[0.0002458]
[3.0192197e-05]
[0.00095394]
[-0.00072749]
[-0.00614872]
[-0.00168681]
[0.00062116]
[-0.00010616]
[0.00014031]
[-0.00012469]
[-0.00110017]
[0.00018362]
[0.00095394]
[0.00045376]
[-0.00010616]
[-0.00260277]
[-0.00705805]
[-0.00743695]
[-0.0005315]
[-0.00014795]
[-0.0193732]
[-0.00115711]
[-0.00110017]
[0.00078675]
[-0.00294776]
[0.00179139]
[0.00419247]
[0.00045376]
[-0.01369558]
[-0.00253118]
[-0.00165343]
[-0.00010616]
[-0.00010616]
[-0.00019504]
[0.00028281]
[-0.00010616]
[0.00187443]
[-0.00165343]
[-0.00010616]
[0.01030953]
[0.0055702]
[-0.00068323]
[-0.00010616]
[7.754599e-06]
[0.01378934]
[-0.00171007]
[0.00084233]
[-0.00200878]
[-0.00011842]
[-0.00735608]
[-0.00165343]
[0.0046478]
[0.00094229]
[0.0010345]
[0.00094229]
[-0.00047675]
[-0.00110017]
[0.00015589]
[-0.00504812]
[0.00179139]
[-0.00581829]
[-0.01194848]
[0.00291765]
[0.00062116]
[0.00179139]
[-0.01311858]
[-0.00071564]
[-0.00010616]
[-0.00123896]
[-0.00010616]
[-0.00531665]
[0.0002458]
[-0.00098137]
[-7.344817e-05]
[0.00569382]
[-0.00068323]
[0.0052665]
[-0.00012469]
[0.00145285]
[0.01961524]
[-0.00474934]
[-0.00152743]
[-0.00124348]
[0.00784902]
[-0.00047675]
[0.00320095]
[-0.00110017]
[-0.00321494]
[0.00820691]
[-0.00190516]
[-0.00013317]
[-0.00010616]
[-0.00688382]
[0.00371038]
[-0.00768415]
[-0.00400243]
[-0.00295644]
[-0.00046953]
[0.00124776]
[-0.001202]
[-0.00207736]
[0.0024072]
[-0.00508104]
[-0.00363248]
[0.00471969]
[0.00304724]
[-0.00336211]
[-0.00077432]
[-0.00010616]
[-0.01482574]
[-0.00010616]
[-0.00010616]
[-0.00010616]
[-0.0001284]
[0.00907367]
[0.00239737]
[0.00544171]
[-0.00480086]
[-0.00015555]
[-0.00728883]
[-0.00010616]
[-0.00010616]
[-0.01585819]
[-0.00331856]
[-1.0307645e-05]
[0.00034081]
[0.00969161]
[-0.02017591]
[-0.0022941]
[-0.00858855]
[-0.00010616]
[-0.00047889]
[-0.00010616]
[9.961461e-05]
[0.00229279]
[-0.00663449]
[0.00061821]
[0.00010388]
[0.00156861]
[0.00315006]
[-0.00447799]
[-0.00020361]
[-0.01162348]
[-0.00154382]
[-0.00010616]
[0.00315006]
[0.00317352]
[-0.00074488]
[-0.00400243]
[0.00819942]
[-0.00256297]
[0.00907367]
[-0.0009155]
[-0.00010616]
[0.00034081]
[-0.00010616]
[0.00531909]
[-0.01162348]
[0.0024072]
[-0.00363317]
[-0.001202]
[-0.00010616]
[0.00152236]
[-0.00410702]
[-0.00010616]
[-0.0080264]
[0.00819942]
[-0.00010616]
[0.00053742]
[-0.00153884]
[-0.00858855]
[-0.00091144]
[0.00544171]
[-0.00061495]
[-0.00243207]
[-0.00010265]
[-0.00224505]
[0.00032455]
[1.4703255e-05]
[-0.00728883]
[-0.00474864]
[0.00929437]
[-0.00077432]
[-0.00010616]
[-0.00288576]
[-0.0009155]
[-0.00704882]
[-0.00017233]
[-8.4378175e-05]
[-0.00010616]
[-0.00155007]
[-0.00400243]
[-0.00400243]
[-0.00410702]
[-0.00010616]
[-0.00010616]
[0.00152236]
[0.00061821]
[-0.00046953]
[-0.00688382]
[-0.00037919]
[-0.00190516]
[-0.00010616]
[-0.00010616]
[0.00229279]
[0.00151726]
[-0.00155007]
[0.00156861]
[-0.00010616]
[0.00152236]
[0.00471969]
[0.00742444]
[0.00398949]
[-0.00010616]
[-0.00363317]
[0.00124776]
[-0.00010616]
[-0.00469431]
[-0.00018872]
[0.02099098]
[-0.00295644]
[-0.00363248]
[-0.00010616]
[0.0015772]
[-0.00010616]
[0.00535569]
[-0.00010616]
[-0.01072518]
[-0.0001284]
[-0.00980499]
[0.00907367]
[0.00549231]
[-0.00243207]
[-0.00704882]
[-0.00418606]
[0.00143051]
[0.00022807]
[0.00528548]
[-0.00010616]
[-0.00094061]
[-0.00010342]
[-0.00010616]
[-0.00010616]
[-0.00010616]
[-0.0016437]
[-0.00010616]
[-0.00010616]
[0.00398949]
[-0.00688382]
[-0.00010616]
[0.00143134]
[0.00099355]
[-0.00331856]
[-6.0528982e-05]
[0.00061821]
[-0.00256297]
[0.00039948]
[0.00929886]
[0.00348262]
[-0.00010616]
[-0.00010616]
[-0.00010616]
[0.00334603]
[-0.00053696]
[-0.00010616]
[-0.00010616]
[-0.00010616]
[-0.00029252]
[-0.00010616]
[0.00270055]
[-0.00010616]
[-0.00010616]
[0.00019484]
[-0.00325379]
[-0.00010616]
[-0.00128566]
[-0.00017558]
[-0.00010616]
[-0.00010616]
[0.0003212]
[0.0003212]
[0.00093378]
[-0.00203377]
[-4.5551104e-05]
[-0.00128566]
[-0.00010616]
[-0.00010616]
[-0.00039747]
[0.01206018]
[-0.00025549]
[-0.00017775]
[0.0043294]
[0.00028181]
[-0.00010616]
[-0.0043813]
[0.00040587]
[-0.00196564]
[-0.00010616]
[-0.00719771]
[0.00068724]
[-0.0005814]
[-0.00010616]
[-0.00929924]
[0.00647141]
[0.00199995]
[-0.00040677]
[-0.00010567]
[-0.00043013]
[0.00010981]
[1.2650678e-05]
[-0.00010616]
[-0.00010616]
[-0.00037485]
[-0.00197867]
[1.179619e-05]
[0.00112565]
[-0.00010616]
[0.00127205]
[-4.5190158e-05]
[-0.00018703]
[-0.00010616]
[-0.00010616]
[-0.00172929]
[-0.00010616]
[0.00084115]
[0.00415101]
[-0.00010616]
[-0.00317369]
[0.00077046]
[0.00049409]
[0.00040587]
[-0.00341738]
[-0.003343]
[-0.00010616]
[0.00077573]
[0.00417657]
[-0.0007595]
[-0.00010616]
[-0.0007595]
[0.00064411]
[0.00269267]
[-0.00010616]
[-0.00010616]
[-0.00041263]
[-4.5190158e-05]
[0.00055257]
[0.00115756]
[-0.00121296]
[-0.00010616]
[-0.00013864]
[0.00285361]
[-0.01727141]
[-0.00929924]
[-0.00544594]
[0.00647141]
[0.00052371]
[-0.00037485]
[-0.00265481]
[0.00019484]
[-0.00010616]
[-3.670127e-05]
[-0.00325379]
[-0.00024454]
[-0.00057764]
[-7.7164674e-05]
[-0.00043013]
[-0.00207111]
[-0.00207111]
[-7.7164674e-05]
[0.00263582]
[-0.00010616]
[-0.00013649]
[-0.00010616]
[-0.00564368]
[-0.00098957]
[-0.00010616]
[-0.00149116]
[-0.00010616]
[-0.00010616]
[-0.00010616]
[0.00240626]
[-0.00010616]
[-0.00189801]
[-0.00265481]
[-0.00149116]
[0.01194669]
[0.00077573]
[0.01426783]
[2.638786e-06]
[0.00161391]
[0.00161391]
[-0.00010616]
[-0.00185165]
[-4.5551104e-05]
[-0.00128566]
[-0.00172929]
[-0.0033115]
[0.00093378]
[0.00414329]
[-0.00366587]
[0.00298389]
[0.02524537]
[0.00470797]
[0.01194669]
[0.00010981]
[4.833081e-05]
[-0.00171144]
[-0.00043013]
[0.00064411]
[-0.00010616]
[0.00010981]
[-0.00010616]
[-0.00761353]
[0.00049409]
[-0.0005814]
[-0.0043813]
[0.00270055]
[-0.00010616]
[-0.00010616]
[0.00042609]
[-0.00062348]
[-0.00010616]
[0.00377886]
[-0.0002908]
[0.00088032]
[-0.00914681]
[0.01426783]
[-0.00055565]
[-0.0008931]
[0.00506255]
[-0.00184991]
[-0.00018121]
[-0.00136165]
[-0.00056152]
[-0.000243]
[-0.00010616]
[-0.00103332]
[0.00334146]
[-0.00056152]
[-0.00103332]
[-0.00022995]
[-0.00041989]
[-8.92235e-05]
[-0.01935488]
[-0.000525]
[-0.01764576]
[0.00809287]
[-7.632008e-05]
[-0.0007145]
[-9.510439e-05]
[-0.00669048]
[-0.00128802]
[0.00319653]
[-0.00184991]
[-0.00010616]
[-0.00068631]
[-0.00010616]
[-0.01792673]
[-0.00078142]
[-0.00010616]
[0.01065988]
[6.6485372e-06]
[0.00124278]
[0.00184595]
[-0.00403835]
[-0.00103332]
[-0.00013971]
[0.00428935]
[-0.00026568]
[-0.00630578]
[-0.00017404]
[-0.00128802]
[6.6485372e-06]
[-0.00092339]
[-0.00630578]
[-0.0076268]
[0.00319653]
[-0.00010616]
[0.00659609]
[0.01275722]
[-0.00010616]
[0.00659609]
[-6.654457e-05]
[0.00334146]
[0.0033285]
[0.00893375]
[-0.00010616]
[-0.00016791]
[-8.010166e-05]
[-0.00369448]
[0.00184595]
[0.00190808]
[-2.482417e-05]
[-0.00010616]
[0.0001053]
[-0.00010616]
[0.0011416]
[0.00087416]
[-5.8529782e-05]
[-0.00136165]
[0.00322476]
[-5.8529782e-05]
[-0.00010616]
[0.00232498]
[0.00019647]
[-0.00184991]
[0.00534802]
[-0.00010616]
[-0.00106475]
[0.0067724]
[3.5000034e-05]
[0.00082865]
[-0.00010616]
[-0.00136165]
[-0.00010616]
[-0.00107708]
[-0.00010616]
[-0.00131078]
[-0.00042923]
[-0.00063311]
[0.00565508]
[-0.00103332]
[-0.00010616]
[-0.00022995]
[-0.00080082]
[0.00074622]
[0.00160633]
[-0.00026568]
[-0.00078142]
[-0.00010616]
[0.00534802]
[-2.482417e-05]
[0.01229254]
[-0.00056152]
[-0.00010616]
[0.00017808]
[0.00565508]
[0.00019647]
[0.01229254]
[-0.00010616]
[-0.000243]
[0.00064043]
[0.00132349]
[-0.00010616]
[-0.00018121]
[-0.00192921]
[-0.00471246]
[0.0070983]
[-0.00010616]
[0.0003212]
[0.00184595]
[-0.00275514]
[-0.00010616]
[-0.00026568]
[-0.00010616]
[0.00343205]
[-0.00010616]
[0.00069248]
[-0.00425535]
[4.788523e-05]
[0.00099221]
[-0.00078142]
[-0.000243]
[-0.01935488]
[0.00181765]
[0.0011416]
[-0.01039205]
[0.00116681]
[-0.01039205]
[-0.00195267]
[5.4309203e-05]
[-9.639311e-05]
[-0.01039205]
[0.00227745]
[-0.00010616]
[-0.00010616]
[0.00546277]
[-0.00057764]
[-0.0008931]
[-0.00010616]
[-0.00128802]
[-0.00010616]
[-0.00010616]
[-0.00010616]
[0.00506255]
[0.00190808]
[-0.00010616]
[-0.00013304]
[0.00506255]
[-0.00010616]
[-0.00010616]
[-0.00246385]
[0.00719509]
[-0.02310869]
[0.00617812]
[-0.00638541]
[0.00401319]
[0.00320373]
[0.00164454]
[-0.00010616]
[-0.00447149]
[-0.00010616]
[0.00245292]
[0.00023981]
[-0.00010616]
[-0.00034982]
[0.00152479]
[0.01120601]
[0.00140128]
[-0.00010616]
[-0.00010616]
[0.00382859]
[-0.01635819]
[0.00695095]
[-0.00010616]
[-0.00013009]
[-0.0068867]
[-0.00024414]
[0.00719509]
[0.00245292]
[0.00016565]
[0.00087226]
[-0.00049138]
[-0.00010616]
[3.481732e-05]
[0.00695095]
[0.00140128]
[0.00143583]
[0.00058514]
[-0.00292092]
[-0.00010616]
[0.00438359]
[0.00516529]
[0.00339582]
[-0.00026965]
[-0.00738728]
[0.00152479]
[0.00108858]
[-0.00010616]
[0.00087226]
[0.00017308]
[0.00103864]
[0.00017308]
[-0.00447149]
[-0.00447149]
[0.00142722]
[0.00401319]
[-0.00010616]
[0.00048245]
[-0.00278214]
[0.00058514]
[-0.00034982]
[0.00710417]
[-0.00369784]
[-0.00010616]
[-0.00010616]
[-0.00023509]
[0.00216765]
[0.00019024]
[0.0033105]
[-0.0028158]
[0.00255776]
[-0.00017138]
[-2.093555e-06]
[-0.00010616]
[-0.00034982]
[0.00072834]
[-0.00019473]
[-6.1177416e-05]
[0.0033105]
[0.00087226]
[-0.00187763]
[-2.8701848e-05]
[-0.001121]
[-0.00010616]
[0.00639811]
[-2.093555e-06]
[0.00164454]
[0.00092533]
[-0.00010616]
[0.00023005]
[-0.00026965]
[-0.00010616]
[-0.00010616]
[0.01120601]
[-0.000876]
[-0.00767908]
[-0.00010616]
[-7.982092e-05]
[-0.00631903]
[-0.00069429]
[0.00438359]
[-0.00010616]
[-0.00034982]
[0.00286655]
[0.00411788]
[3.481732e-05]
[0.00057574]
[-0.00010616]
[0.00517452]
[0.00120055]
[-0.00569223]
[-0.00698024]
[-0.00012183]
[-0.00150577]
[-0.00022458]
[0.00517452]
[-0.00010616]
[0.00387869]
[0.00109717]
[0.00373385]
[-0.00010616]
[-0.00010616]
[-0.00010616]
[-0.00010616]
[-0.00010616]
[-0.001121]
[-0.00010616]
[-7.982092e-05]
[-0.00010616]
[-0.00514164]
[-0.00010616]
[-0.00167025]
[-0.00027198]
[-0.00010616]
[0.00286655]
[0.00617812]
[-0.00021694]
[0.00360906]
[-0.00010616]
[0.00079282]
[-0.00054444]
[-0.00010616]
[0.00109717]
[-0.000876]
[-0.00010616]
[-6.1177416e-05]
[-0.00010616]
[-0.00027198]
[0.00140128]
[0.00438359]
[0.00109717]
[-0.00256464]
[0.00317421]
[0.01942368]
[-0.00010616]
[-0.00010616]
[0.00320373]
[-0.00069429]
[-0.00010616]
[0.0014259]
[0.00103864]
[-0.00292092]
[0.00695095]
[0.00142722]
[0.00362817]
[-0.00024414]
[0.00034927]
[0.00995083]
[-0.00087626]
[-0.01545891]
[0.00780641]
[-0.00511708]
[-0.00010616]
[-0.00149017]
[0.00240531]
[-0.00010616]
[-0.00010616]
[-0.00511708]
[0.01316989]
[0.00016241]
[-0.00195057]
[-0.00010616]
[-0.00010616]
[0.00011314]
[-0.0003982]
[0.00055567]
[-0.01031322]
[-0.00537117]
[-9.190914e-05]
[0.00322996]
[-0.00189568]
[0.00018209]
[0.00058537]
[-0.00511708]
[-0.00012289]
[-0.00054592]
[0.00060637]
[0.00995083]
[-0.0010407]
[-0.00010616]
[-0.0006701]
[0.00130263]
[-0.00010616]
[-0.00519649]
[0.00275432]
[-0.00016009]
[0.00055825]
[0.00038673]
[0.01886667]
[-0.000441]
[0.00067554]
[0.00074283]
[-0.00479636]
[0.00271438]
[-0.00010616]
[-0.00019712]
[0.00067554]
[-0.00047253]
[-0.01031322]
[-0.00173368]
[-0.00466222]
[0.00081561]
[-0.00010616]
[-0.00228931]
[-0.00010616]
[-0.00010616]
[-0.00200736]
[0.00020793]
[-0.00054592]
[-0.00209553]
[-0.00010616]
[-0.06423331]
[-0.00010616]
[0.002578]
[0.0022144]
[0.00066936]
[-0.00014451]
[-0.0021025]
[-0.0020063]
[-0.00010616]
[-0.0039476]
[-7.971289e-05]
[-0.00010616]
[0.00136577]
[0.01316989]
[-0.00200736]
[-0.00010616]
[0.00322996]
[-0.00010616]
[-0.0008677]
[0.00078659]
[0.00995083]
[-5.143805e-05]
[-0.00010616]
[-0.00746624]
[0.00995083]
[0.00020793]
[-0.00010616]
[-0.00243839]
[-0.00091299]
[-0.00010616]
[-0.00308554]
[-0.00030455]
[0.00221899]
[-6.50931e-05]
[-0.00016009]
[0.00384802]
[0.0011457]
[5.2292016e-05]
[0.00027599]
[0.00018209]
[-0.01095063]
[-1.1106138e-05]
[-0.00113013]
[0.00078659]
[-0.00200736]
[-0.00275054]
[-0.00030455]
[-0.00082655]
[-0.00277967]
[-0.00209553]
[0.00060637]
[-0.00014451]
[0.00058537]
[0.01316989]
[-0.00010616]
[0.00345291]
[0.00235157]
[-0.00035763]
[-0.00010616]
[0.00235157]
[-0.00097955]
[0.0013856]
[0.00995083]
[-0.00010616]
[-0.00425938]
[0.00055567]
[-0.00068635]
[0.00228643]
[0.0013856]
[0.00774136]
[0.00140075]
[0.01382841]
[0.00228643]
[0.00435782]
[-0.00286431]
[0.00322996]
[-0.00466222]
[-0.00010616]
[-0.00010616]
[-0.00054592]
[-0.00010616]
[0.00228643]
[0.00157859]
[0.00357044]
[0.00400389]
[-0.0010407]
[-0.00200736]
[-0.00746624]
[0.00228643]
[-0.00091411]
[-0.00118759]
[-0.00010616]
[-0.00056803]
[0.00309006]
[0.01382841]
[-0.00278066]
[-0.00010616]
[-0.00012922]
[-0.005242]
[-0.00010616]
[-0.00010616]
[-0.00255782]
[0.00067554]
[-0.00830761]
[-0.00010616]
[0.00414126]
[-0.00017862]
[0.00195256]
[0.00307084]
[-0.00010616]
[-0.00010616]
[-0.00036302]
[-0.00554993]
[-0.00052369]
[0.00313273]
[0.0056566]
[-0.00010616]
[-4.1808235e-06]
[-0.00010616]
[-0.00067468]
[-0.00010616]
[-0.00511479]
[-0.00010616]
[-0.00010616]
[-0.00389195]
[-0.00052448]
[-0.00010616]
[-0.00020844]
[-0.00197315]
[0.00633098]
[-0.00617329]
[-0.00201961]
[0.00953102]
[-0.00554993]
[-0.00014174]
[0.00231327]
[-0.00034935]
[-0.00010616]
[-0.00241692]
[-0.00010616]
[0.0005006]
[-0.00084477]
[-0.00015288]
[0.0005006]
[0.00053037]
[-0.00037548]
[0.0097255]
[0.00065559]
[-0.00197315]
[0.00029732]
[-0.00010616]
[-0.00010616]
[-0.00010616]
[-0.00010616]
[-0.00389195]
[0.0005006]
[-0.00010616]
[-0.00010616]
[0.00690253]
[0.00536435]
[0.00493889]
[-0.00010616]
[-0.00015053]
[0.00629159]
[0.00348422]
[0.00536435]
[-0.00010616]
[-0.00554993]
[-0.00010616]
[-0.00011772]
[-0.01814758]
[0.00633098]
[-0.00010616]
[0.01015998]
[-0.00010616]
[0.00029015]
[-0.00010616]
[-4.0014682e-05]
[-0.00010616]
[-0.00010616]
[-0.00034081]
[-0.01269916]
[0.00158375]
[-0.00280024]
[-0.00010616]
[0.00129961]
[0.00193273]
[-0.0172517]
[-0.00010616]
[-9.6909294e-05]
[0.01155763]
[-0.00060736]
[-0.00010616]
[0.00414126]
[-0.00010616]
[-0.00201961]
[-0.00017862]
[-0.00037548]
[-0.00010616]
[-0.00010616]
[0.00303384]
[0.00369784]
[-0.00010616]
[-0.00553993]
[-0.00010616]
[-0.01269916]
[0.00124187]
[0.00413531]
[-0.00010607]
[-0.00010616]
[-0.00197315]
[-0.00587261]
[-0.00461578]
[-0.00052448]
[-0.00010616]
[0.01374886]
[-0.00010616]
[0.00090362]
[-0.00010616]
[-0.00010616]
[0.00570934]
[-0.00010616]
[-0.00010616]
[-0.00084477]
[-0.00587261]
[-0.00010616]
[-0.00010616]
[-0.00940866]
[0.00307084]
[-0.00151929]
[0.00345244]
[0.0078272]
[-0.00201961]
[0.0097255]
[0.00493889]
[0.00036245]
[0.00493889]
[-0.00019916]
[0.00377677]
[-0.00010616]
[0.00044045]
[-0.00052448]
[6.1555125e-05]
[0.00099467]
[-0.00052448]
[-0.00123642]
[-0.00036302]
[-0.00014174]
[-0.00151929]
[-0.00419464]
[-0.00010616]
[5.95334e-05]
[0.00303384]
[-0.00335634]
[-0.00010616]
[8.447503e-06]
[0.00129961]
[-0.00125224]
[-0.00151929]
[0.00761491]
[-0.00746064]
[-0.00018456]
[0.00231327]
[-0.00070099]
[-0.00010616]
[-0.00054855]
[-0.00010616]
[0.00121905]
[0.00104367]
[-0.00010616]
[-0.00010616]
[-0.00010616]
[0.0016998]
[-0.00010616]
[0.00453468]
[-0.00023453]
[-0.00010616]
[-0.00010616]
[-0.00072554]
[-0.00049314]
[-0.00010616]
[0.0004166]
[0.00154864]
[-0.002249]
[-0.00010616]
[0.00102819]
[0.0030815]
[0.00569386]
[0.00168842]
[0.00147638]
[-0.00662781]
[-0.00015396]
[2.2089516e-05]
[-0.00687504]
[0.00170253]
[0.00063501]
[-1.037342e-05]
[-0.00010616]
[0.00365142]
[-0.00065729]
[-0.00119847]
[-0.00185553]
[0.00098845]
[0.00551743]
[-0.00315093]
[-0.00084823]
[0.00432205]
[-0.00054357]
[-0.0029613]
[0.00034887]
[-0.00052232]
[-0.00232448]
[-0.00061142]
[0.01160235]
[-0.00231773]
[-0.00481881]
[0.00147638]
[-0.0009068]
[-0.01561814]
[-0.00010616]
[-0.00687504]
[0.00071977]
[-0.00034982]
[0.00033234]
[-0.00010616]
[-0.00103149]
[-0.00019014]
[-0.00031301]
[-0.00010616]
[0.00619494]
[0.0008544]
[-0.00010616]
[0.00150857]
[-0.00023453]
[0.00521462]
[0.00429622]
[-0.00010616]
[0.00468557]
[0.00429622]
[-0.00061142]
[0.00354639]
[-0.00052232]
[0.00054737]
[0.00429622]
[-8.343859e-05]
[0.00024144]
[0.00150857]
[-0.00010616]
[0.00573007]
[-0.00375601]
[0.00468557]
[-0.00072554]
[0.00170253]
[-0.00010616]
[-0.00010616]
[-0.0024451]
[0.00100666]
[0.00054737]
[0.00063501]
[-0.00687504]
[0.00020602]
[0.00521462]
[-0.00159558]
[-0.00031301]
[-0.00037548]
[-0.00010616]
[0.00485138]
[-0.00010616]
[-0.00216455]
[-0.00445463]
[-0.00375601]
[0.00302664]
[0.00026111]
[0.00014079]
[0.00415311]
[0.00326347]
[-0.00041097]
[0.01108187]
[2.2089516e-05]
[-0.00133783]
[0.00098845]
[-0.0029613]
[0.00037446]
[0.00468557]
[-0.00043736]
[0.00147638]
[0.00145301]
[-0.00648724]
[-0.00010616]
[0.00508033]
[0.01151619]
[0.00282371]
[-0.0030316]
[0.00014079]
[0.0015749]
[-0.00065729]
[-0.00010616]
[-0.00232448]
[-0.00530855]
[0.00057436]
[0.00449192]
[-0.00010616]
[-0.00010616]
[0.00016564]
[-0.00740908]
[-0.00072554]
[-0.00010616]
[0.00365142]
[0.0030815]
[-0.00010616]
[0.0030815]
[-0.00345483]
[0.00168842]
[-0.01561814]
[-0.00023453]
[-0.00081868]
[-0.00014901]
[-0.00231773]
[-0.00740908]
[-0.0073719]
[-0.0024451]
[0.00094551]
[2.2089516e-05]
[-0.00010616]
[-0.00037548]
[-0.00072554]
[-0.00010616]
[0.00016564]
[0.0036038]
[0.00269102]
[-0.00957692]
[-0.00010616]
[0.00043109]
[-0.00086073]
[4.705967e-05]
[-0.00054818]
[-0.00053496]
[-0.00010376]
[0.00113925]
[-0.00382203]
[0.00054031]
[-0.00010616]
[0.00369948]
[9.978865e-05]
[-0.00010616]
[-2.1354528e-05]
[-0.00010616]
[4.705967e-05]
[-0.00010289]
[0.00110681]
[-1.2105214e-05]
[-0.00010616]
[-0.0012927]
[0.00034611]
[0.00130258]
[-0.00270394]
[-0.00382203]
[0.00056755]
[0.00269102]
[9.978865e-05]
[0.01556319]
[-0.00010616]
[-0.00293807]
[0.00521106]
[-0.0001745]
[-0.0001164]
[-0.00010616]
[2.5208632e-05]
[0.00027145]
[0.00050465]
[0.00034611]
[-0.00010616]
[-0.00342617]
[-0.00019691]
[-0.00086073]
[0.00219269]
[-0.00010221]
[0.00028834]
[-0.00159509]
[0.0022488]
[-0.00382469]
[-0.00184945]
[0.01051564]
[0.00564193]
[-0.00010616]
[-0.00010616]
[-0.00098812]
[0.0083831]
[-0.00010889]
[-0.00010616]
[-0.00010616]
[-0.00087782]
[0.00446999]
[-0.00475528]
[-0.00229814]
[-0.00010616]
[-0.00022277]
[-0.00061526]
[-0.00010616]
[-0.00038743]
[0.01776278]
[-0.00165014]
[-6.305502e-05]
[0.0022488]
[0.00881722]
[-0.00010616]
[0.00143922]
[-7.36051e-05]
[-0.00053496]
[-0.00085107]
[-0.00010616]
[-0.00515641]
[-0.00010616]
[-0.00010616]
[-0.00010616]
[0.0010149]
[-0.00036736]
[-0.00010616]
[-0.00010616]
[-0.00010616]
[-0.00152062]
[0.00402052]
[-0.00382469]
[-0.00010616]
[-0.0007163]
[0.00130258]
[-0.0011194]
[-0.00010616]
[-0.00833102]
[-0.00634106]
[-0.00229814]
[0.00402052]
[0.00115299]
[0.0100804]
[-0.00342617]
[0.00046439]
[-0.00114059]
[-0.0001167]
[-2.1354528e-05]
[0.00378507]
[-0.00010616]
[-0.00098812]
[-0.00010616]
[-0.00165014]
[0.00369948]
[-0.00564206]
[-0.00342617]
[-0.00010221]
[-0.00025981]
[-0.00010616]
[-0.00086073]
[0.01000089]
[-0.00229814]
[-0.00382469]
[-0.00010289]
[-0.00010616]
[0.00084989]
[-0.00010616]
[-0.00085107]
[-0.00010616]
[-0.00022277]
[-0.00010616]
[0.00046439]
[0.00082309]
[0.00247705]
[-0.00010616]
[-0.0008876]
[0.00324643]
[0.01051564]
[0.00113925]
[0.00197958]
[-0.00098812]
[-0.00010616]
[-0.01277792]
[0.00110681]
[0.00196538]
[0.00192398]
[-0.00010616]
[-0.00010616]
[0.00132718]
[-0.00010616]
[-0.00764211]
[0.00268586]
[0.00259454]
[0.00018814]
[-0.00475528]
[-0.00270394]
[-0.00010616]
[-0.00010616]
[-0.00339355]
[0.00081471]
[-0.00446048]
[-0.00339355]
[-0.00010616]
[-0.00010616]
[0.0027145]
[0.0027145]
[-0.00010616]
[0.0008516]
[0.0008516]
[-0.00098158]
[-0.00259516]
[-0.00149417]
[-0.00010616]
[-0.00146573]
[-0.00184008]
[-0.00010616]
[-0.00010616]
[-0.00010616]
[-0.00339355]
[0.000166]
[-0.00149417]
[-0.00010616]
[-0.00030138]
[-0.00010616]
[0.00081471]
[-0.00486189]
[-0.00486189]
[0.000166]
[-0.00010616]
[-0.00259516]
[-0.00010616]
[-0.00264472]
[-0.00098158]
[-0.00264472]
[0.000166]
[-0.00149417]
[-0.00259516]
[-0.00264472]
[-0.00010616]
[0.0008516]
[0.000166]
[-0.00010616]
[-0.00010616]
[-0.00146573]
[0.0027145]
[-0.00010616]
[-0.00149417]
[0.000166]
[0.00908276]
[0.0008516]
[-0.00149417]
[-0.00054034]
[0.00032764]
[0.00908276]
[-0.00339355]
[-0.00010616]
[0.000166]
[-0.00030138]
[-0.00259516]
[0.0008516]
[0.00316765]
[-0.00010616]
[0.0090169]
[-0.0031951]
[-0.00010616]
[-0.00284292]
[-0.00176725]
[-0.00284292]
[0.00049926]
[-0.00010616]
[-4.978059e-05]
[0.00049926]
[0.00316765]
[-0.00176725]
[-0.00284292]
[-0.00063646]
[0.00614419]
[0.00316765]
[-0.00442079]
[-0.0056871]
[-0.00284292]
[-0.0031951]
[-0.0056871]
[9.990181e-06]
[-0.00562066]
[0.00049926]
[-0.00354552]
[0.00614419]
[-0.00562066]
[-0.00010616]
[-0.00176725]
[-0.00354552]
[-0.00442079]
[-0.00134455]
[-0.00134455]
[-0.00562066]
[0.00316765]
[-0.00134455]
[0.00316765]
[0.0090169]
[0.00316765]
[-0.00284292]
[0.00614419]
[-0.00063646]
[-0.00354552]
[-0.00063646]
[-0.00284292]
[0.0090169]
[-0.00284292]
[-0.0056871]
[-4.978059e-05]
[0.00049926]
[-0.0031951]
[-0.00010616]
[-0.00010616]
[0.0090169]
[-0.00328833]
[-0.00442079]
[0.0090169]
[-0.0031951]
[0.0090169]
[-4.978059e-05]
[-0.00063646]
[0.00614419]
[-0.00176725]
[-0.00354552]
[-0.00063646]
[-0.00562066]
[0.00049926]
[-0.00010616]
[-0.00010616]
[-0.00071263]
[-0.00024763]
[0.00142722]
[-0.00734922]
[0.00404159]
[-0.00044027]
[0.00566365]
[-0.00078318]
[-3.415905e-05]
[0.00566365]
[-0.00104786]
[-0.00010616]
[-0.00044027]
[-0.00010616]
[-0.00071293]
[-0.00037626]
[-0.00010616]
[-0.00071293]
[-0.00104786]
[-0.0003198]
[-0.00254926]
[-0.00078318]
[-0.00037626]
[0.00376135]
[0.00393248]
[0.00142722]
[-0.00071293]
[-0.00024763]
[-3.415905e-05]
[-3.415905e-05]
[0.00566365]
[-0.00078318]
[0.00566365]
[-0.00054431]
[-0.00037626]
[-0.00054431]
[-0.0003198]
[-0.00037626]
[0.00393248]
[-0.00078318]
[-7.740798e-05]
[-7.740798e-05]
[-0.00010616]
[-0.00071293]
[-0.00037626]
[0.00142722]
[-0.00071263]
[-0.00104786]
[-0.00054431]
[-0.00037626]
[0.00404159]
[-0.00010616]
[-0.00071293]
[0.00404159]
[0.00084592]
[0.00566365]
[-0.00044027]
[0.00393248]
[0.00393248]
[-0.00071263]
[-0.00044027]
[0.00142722]
[-0.00010616]
[-0.00254926]
[0.00566365]
[-0.00044027]
[-0.00010616]
[-0.00010616]
[-0.00054431]
[0.00084592]
[-3.415905e-05]
[0.00055589]
[-0.00010616]
[0.00376135]
[-0.0001531]
[0.00404159]
[0.00566365]
[-0.00010616]
[-7.740798e-05]
[-0.0003198]
[0.00308955]
[-0.00327289]
[-0.00010616]
[0.00216118]
[-0.00010616]
[-0.00492145]
[-0.00092658]
[-5.1018258e-05]
[-0.00092658]
[-0.00010616]
[-0.00092658]
[0.01166077]
[-0.00081988]
[-0.00010616]
[-0.00130736]
[0.00186636]
[-0.00010616]
[-0.0003276]
[-0.00010616]
[0.00553911]
[0.01872772]
[-0.00010616]
[0.00216118]
[0.00308955]
[-0.00130736]
[-0.01049801]
[0.00040819]
[-0.0003276]
[0.00040819]
[-5.1018258e-05]
[-0.00066836]
[-0.00010616]
[0.00426289]
[0.01166077]
[-0.00010616]
[-0.00010616]
[-0.00216018]
[-0.00010616]
[-0.00010616]
[0.00186636]
[-0.00327289]
[-0.00092658]
[0.00553911]
[0.00186636]
[-0.00216018]
[0.00426289]
[-0.01049801]
[-0.00216018]
[-0.00010616]
[-0.00081988]
[-0.00327289]
[-0.00010616]
[-5.1018258e-05]
[0.00338577]
[-0.00010616]
[0.00338577]
[0.01166077]
[-0.00010616]
[0.00338577]
[-0.00010616]
[0.00553911]
[-0.00216018]
[0.00426289]
[0.00426289]
[-0.00010616]
[-0.00327289]
[0.00040819]
[-0.01049801]
[0.00426289]
[-0.00010616]
[0.01166077]
[-0.00216018]
[-0.00327289]
[0.00308955]
[0.00040819]
[-0.00492145]
[-0.00632105]
[-0.00010616]
[-0.00632105]
[0.01288088]
[-0.00632105]
[-0.00632105]
[-0.00020435]
[-0.00010616]
[0.0013309]
[-0.00622987]
[-0.00010616]
[-0.00010616]
[-0.00010616]
[0.00100383]
[-0.00240274]
[-0.00020435]
[0.00112276]
[-0.00639309]
[-0.00010616]
[0.0013309]
[0.00094672]
[-0.00632105]
[0.00076854]
[-0.00109877]
[0.00508461]
[0.01288088]
[-0.00109877]
[-0.00010616]
[-0.00149383]
[-0.00177792]
[-0.00109877]
[0.0072169]
[-0.00010616]
[0.00100383]
[0.01288088]
[-0.00010616]
[-0.00632105]
[0.0072169]
[-0.00147778]
[-0.00010616]
[-0.00020435]
[-0.00010616]
[-0.00639309]
[-0.00010616]
[0.00282114]
[0.00100383]
[0.01288088]
[0.0013309]
[-0.00109877]
[0.00508461]
[-0.00147778]
[0.00100383]
[-0.00639309]
[-0.00149383]
[-0.00240274]
[-0.00020435]
[-0.00010616]
[-0.00010616]
[-0.02032899]
[-0.00020435]
[-0.02032899]
[-0.00632105]
[0.00508461]
[0.01288088]
[0.0072169]
[-0.00020435]
[-0.00010616]
[-0.00010616]
[-0.00427498]
[-0.00010616]
[-0.00427498]
[-0.00632105]
[-6.3510495e-05]
[0.00100383]
[0.00112276]
[-0.00010616]
[0.00282114]
[-0.00010616]
[-0.00240274]
[0.00112276]
[-0.00427498]
[-0.00427498]
[-0.02032899]
[-0.02032899]
[-0.00109877]
[-4.143396e-06]
[-0.00010616]
[-2.4834182e-05]
[-0.00496096]
[0.00012547]
[-0.00118785]
[-0.00010616]
[-0.00010979]
[-0.000378]
[0.00012626]
[-0.00010616]
[-0.00010616]
[-0.00496096]
[-0.00118785]
[-0.00010768]
[0.00540158]
[0.0027987]
[-0.00496096]
[0.00047009]
[0.00864849]
[-0.00115401]
[-0.00067957]
[0.00864849]
[-0.00118785]
[-0.00238576]
[-0.00238576]
[0.0027987]
[0.00864849]
[0.00864849]
[-0.00496096]
[-0.00010616]
[-0.00238576]
[0.00047009]
[0.00864849]
[0.00345548]
[0.00012547]
[-0.00010616]
[0.00047009]
[0.00047009]
[-0.00010768]
[-0.00010979]
[-2.4834182e-05]
[-0.000378]
[-0.00010979]
[-0.00010979]
[-2.4834182e-05]
[-0.00010616]
[-0.00115401]
[-0.00010616]
[0.00055329]
[0.00012547]
[0.00012626]
[0.00562687]
[0.00540158]
[0.00047009]
[-0.00010616]
[-0.00067957]
[-0.00010616]
[-4.143396e-06]
[-0.00010979]
[0.00055329]
[0.00408576]
[0.00408576]
[0.01511987]
[-0.00650195]
[0.00119864]
[0.00499676]
[0.0004738]
[-0.00010616]
[-0.0031347]
[0.00350557]
[0.00101836]
[-0.00443023]
[-0.00547673]
[-0.00443023]
[0.00010271]
[-0.00547673]
[-0.00010616]
[-0.0031347]
[0.00068267]
[0.00499676]
[0.00350557]
[0.0023776]
[0.00188094]
[0.00046222]
[-0.00037815]
[-0.00031817]
[-0.00010616]
[-0.00010616]
[-0.00031817]
[0.00350557]
[0.00188094]
[0.00188094]
[0.00350557]
[-0.00560275]
[-0.00136135]
[-0.00136135]
[0.00473297]
[-0.00037815]
[0.00101836]
[-0.03905381]
[-0.00650195]
[-0.00037815]
[-0.00010616]
[-0.00443023]
[0.00046222]
[-0.00031817]
[-0.0031347]
[0.00119864]
[0.00010271]
[0.00350557]
[0.00068267]
[-0.00031817]
[0.00473297]
[0.00010271]
[0.00473297]
[0.00473297]
[-0.00010616]
[-0.00443023]
[-0.0031347]
[-0.00010616]
[-0.00560275]
[-0.00010616]
[0.00499676]
[0.00473297]
[0.00350557]
[0.00188094]
[-0.00037815]
[2.4931214e-05]
[-0.00547673]
[0.00473297]
[2.4931214e-05]
[0.0004738]
[-0.00443023]
[-0.00136135]
[2.4931214e-05]
[0.00046222]
[0.00240822]
[-0.03905381]
[2.4931214e-05]
[-0.00443023]
[-0.00650195]
[-0.00010616]
[-0.00037815]
[0.00128323]
[-0.00010616]
[0.00508072]
[-0.00232061]
[-0.00144403]
[-0.00626908]
[-0.00626908]
[0.00437756]
[0.01883887]
[-0.00023624]
[-0.00010616]
[0.0040267]
[-0.00010616]
[-0.00068085]
[0.01764461]
[0.00338469]
[0.00016362]
[-0.00626908]
[-0.01275752]
[0.01764461]
[-0.00061871]
[-0.00574746]
[-0.00010616]
[-0.00010616]
[0.00016362]
[-9.861484e-05]
[-9.861484e-05]
[0.00508072]
[-0.00010616]
[0.00016362]
[-0.00129622]
[-0.00023624]
[0.00016362]
[0.00338469]
[-0.00010616]
[-0.00068085]
[0.0040267]
[-0.00144403]
[0.00016362]
[-0.00010616]
[0.0040267]
[0.00016362]
[0.01883887]
[-9.861484e-05]
[-0.00144403]
[-0.00574746]
[-0.00061871]
[-0.00144403]
[-0.00574746]
[-0.00026384]
[-0.00626908]
[0.0040267]
[-0.00010616]
[-0.00010616]
[-0.00061871]
[0.01764461]
[-0.00626908]
[-0.00010616]
[-0.00129622]
[-0.00238631]
[-0.00108023]
[-0.00108023]
[-0.00012463]
[-0.00125494]
[-0.00028425]
[0.00209191]
[-0.00746371]
[0.00088112]
[-0.00044426]
[-0.00051793]
[-0.00044426]
[-0.00010616]
[-0.00012463]
[0.00209191]
[-0.00040139]
[-0.00010616]
[0.00253367]
[-0.00028425]
[0.00209191]
[-0.00238631]
[-0.00298818]
[-0.00010616]
[-0.00298818]
[-0.00106869]
[-0.00106869]
[-0.00257189]
[-0.00106869]
[-0.00436267]
[0.00088112]
[0.00209191]
[-0.00012463]
[-0.00010616]
[-0.00238631]
[-0.00051793]
[-0.00010616]
[-0.00238631]
[-0.00010616]
[0.00088112]
[-0.00010616]
[-0.00010616]
[-0.00199493]
[-0.00257189]
[-0.00298818]
[-0.00746371]
[0.00112237]
[0.00057268]
[-0.00044426]
[-0.00746371]
[-0.00257189]
[-0.00257189]
[-0.00010616]
[0.00253367]
[-0.00436267]
[-0.00010616]
[-0.00012463]
[0.00105581]
[-0.00257189]
[-0.00746371]
[-0.00106869]
[0.00088112]
[-0.00010616]
[-0.00028425]
[-0.00010616]
[-0.00051793]
[0.00057268]
[-0.00199493]
[-0.00238631]
[-0.00746371]
[-0.00040139]
[0.00253367]
[0.00088112]
[-0.00257189]
[0.00386335]
[-0.00125494]
[0.00209191]
[-0.00927715]
[-0.0024152]
[0.00272541]
[-0.00503924]
[-0.00603295]
[-0.00268231]
[-0.00223313]
[-0.00329285]
[-0.00223313]
[0.00272541]
[0.00069428]
[-0.0037786]
[-0.00503924]
[0.00391217]
[-0.00329285]
[-0.00603295]
[0.00042122]
[-0.00376865]
[-0.00586664]
[-0.00268231]
[-0.00586664]
[0.00077209]
[-0.00642025]
[0.00168232]
[0.00042122]
[-0.00223313]
[0.00225233]
[-0.00022524]
[0.00105975]
[0.00069428]
[-0.00268231]
[0.00272541]
[0.00272541]
[0.00391217]
[-0.00022524]
[0.00391217]
[0.00272541]
[-0.00329285]
[0.00122051]
[0.00105975]
[0.00076592]
[0.00076592]
[-0.00694742]
[-0.00329285]
[-0.0024451]
[-0.00603295]
[-0.00022524]
[0.00042122]
[-0.0037786]
[-0.00503924]
[0.00105975]
[-0.00642025]
[-0.00268231]
[0.00042122]
[-0.00927715]
[0.00168232]
[0.00224569]
[-0.00022524]
[0.00042122]
[0.00122051]
[0.00105975]
[-0.00927715]
[-0.00897513]
[-0.0024152]
[0.00391217]
[-0.00694742]
[0.00069428]
[-0.00503924]
[0.00069428]
[0.00272541]
[0.00168232]
[-0.00603295]
[0.00122051]
[0.00168232]
[0.00069428]
[0.001979]
[-0.00621197]
[0.00324175]
[-0.00010616]
[-0.0001111]
[-0.00130684]
[-9.7337994e-05]
[-0.00076914]
[0.001979]
[0.001979]
[-0.00321439]
[0.00283153]
[-9.7337994e-05]
[0.01104257]
[-0.00321439]
[0.00113647]
[0.00324175]
[-3.7539867e-06]
[0.00324175]
[0.00283153]
[-0.00010616]
[-0.00122273]
[-0.00321439]
[-0.00017557]
[-0.0007501]
[0.00113647]
[-0.0001111]
[-9.7337994e-05]
[0.0007994]
[-0.0007501]
[-0.00010616]
[0.00746164]
[-0.00076914]
[-0.00010616]
[0.00113647]
[8.953502e-06]
[0.0007994]
[0.01104257]
[-0.00621197]
[0.0007994]
[0.00283153]
[-0.00076914]
[-0.00017557]
[-0.0086419]
[-9.7337994e-05]
[-0.00122273]
[-0.0007501]
[-0.0007501]
[-0.0001111]
[-0.0007501]
[-0.0086419]
[-9.7337994e-05]
[-3.7539867e-06]
[0.00113647]
[-0.00276265]
[-0.00076914]
[-9.7337994e-05]
[0.00746164]
[0.00746164]
[-0.00321439]
[-0.00276265]
[0.00324175]
[-0.0007501]
[0.00283153]
[0.00324175]
[-0.0086419]
[0.001979]
[-0.00017557]
[8.953502e-06]
[0.00283153]
[-0.00621197]
[-0.00321439]
[-0.00010616]
[0.00283153]
[-9.7337994e-05]
