[-0.00415729]
[-0.00447504]
[0.00017733]
[0.00017733]
[0.00229958]
[0.00118153]
[0.00688005]
[0.00125687]
[0.00017733]
[0.00017733]
[0.00017733]
[0.00017733]
[0.00165036]
[-0.00328473]
[-0.01299367]
[-0.00130809]
[0.00017733]
[0.00017733]
[0.00017733]
[0.00017733]
[0.00017733]
[0.00891221]
[0.00384357]
[0.00017733]
[0.00017733]
[0.00017733]
[-0.00043782]
[0.00086216]
[0.00351472]
[0.0089661]
[0.00017733]
[0.00121467]
[-0.00043409]
[0.00297497]
[0.00010983]
[0.00137851]
[0.00064218]
[0.00017733]
[0.00017733]
[0.00341065]
[0.00017733]
[0.00017733]
[0.00095618]
[0.00017733]
[0.00326362]
[-0.00568439]
[0.00690027]
[0.00017733]
[-0.00073383]
[0.00024845]
[0.00017733]
[-0.00122139]
[-0.00087701]
[0.00287844]
[0.00017733]
[0.00017733]
[0.00017733]
[-0.01222246]
[-0.00444754]
[0.00487656]
[0.00017733]
[0.00017733]
[-0.00091586]
[-0.00087701]
[0.00073888]
[0.00017733]
[0.00017733]
[0.00021235]
[-0.00325043]
[-0.00342293]
[-0.00019935]
[0.00017733]
[0.007391]
[0.00535845]
[0.00017733]
[-0.0002324]
[0.00017733]
[-0.01077377]
[0.00017733]
[0.00017733]
[-0.00073383]
[0.00017733]
[0.00017733]
[0.00318092]
[-0.00396745]
[-0.00273116]
[0.00401874]
[0.00017733]
[0.00017733]
[0.00017733]
[0.00482885]
[0.00802766]
[-0.00396745]
[0.00017733]
[0.00017733]
[0.00090899]
[0.00133576]
[0.00017733]
[0.00017733]
[-0.00122139]
[0.00017733]
[0.00013143]
[0.00017733]
[0.00017733]
[-0.00396745]
[0.00017733]
[0.00017733]
[-0.00103613]
[0.00017733]
[0.00017733]
[0.00017733]
[0.01246039]
[0.00100799]
[-0.00465787]
[-0.01591975]
[0.00017733]
[0.00017733]
[0.00012402]
[-0.01287796]
[0.00017733]
[0.00690027]
[0.00435705]
[-0.00568439]
[0.01410357]
[-0.00260089]
[-0.00073817]
[0.00017733]
[0.00253025]
[0.00922231]
[-0.00484633]
[-0.00116756]
[-0.00121749]
[0.00017733]
[0.00017733]
[-0.0086037]
[0.00017733]
[-0.00260089]
[0.00401874]
[0.00017733]
[0.00017733]
[0.00136736]
[0.00253025]
[0.00145634]
[-0.00464314]
[0.00021148]
[0.00435705]
[-0.02741586]
[-0.00091586]
[0.00017733]
[0.00261836]
[-0.0023747]
[0.00021148]
[0.00024845]
[0.00053806]
[0.0062666]
[-0.00122139]
[9.4189454e-05]
[-0.00747284]
[-0.00311865]
[-8.921081e-06]
[-0.01222246]
[-0.0026308]
[0.00017733]
[0.00487656]
[0.00021148]
[0.00017733]
[0.00152185]
[0.00017733]
[0.00152185]
[0.00017733]
[-0.00260089]
[0.00017733]
[-0.00041159]
[0.00017733]
[0.00017733]
[0.00089357]
[0.00723488]
[0.00690027]
[0.00017733]
[0.00073888]
[-0.01077377]
[-0.01453481]
[0.0106149]
[0.00017733]
[0.00517809]
[-0.01591975]
[-0.00019935]
[0.00017733]
[0.00017733]
[-0.00122139]
[0.00017733]
[0.01410357]
[0.00017733]
[0.00304111]
[0.00111663]
[0.00124499]
[0.00017733]
[0.00017733]
[0.00017733]
[0.00450897]
[-0.00260089]
[-0.00025304]
[0.00017733]
[0.007383]
[0.00479798]
[0.00191212]
[0.00017733]
[0.00857991]
[0.00457999]
[0.00010537]
[-0.00033393]
[0.00017733]
[0.00017733]
[0.00017733]
[-8.353614e-05]
[-0.00397529]
[0.00017733]
[0.00012893]
[-5.9302634e-05]
[-0.00144716]
[0.00101742]
[-0.01276291]
[0.00045359]
[0.00759863]
[0.00017733]
[0.00017733]
[-0.00129579]
[0.00017733]
[-0.01097797]
[0.00017733]
[0.00017733]
[0.00083402]
[0.00402542]
[0.00017733]
[0.00384839]
[-0.00997444]
[0.00415401]
[0.0026407]
[0.00366274]
[-0.00174198]
[0.00478018]
[0.00705896]
[0.00017733]
[0.00042638]
[0.00017733]
[0.00199346]
[0.00017733]
[-0.0050223]
[-0.00176276]
[0.00026557]
[0.00017733]
[0.0050415]
[8.138077e-05]
[-0.00156046]
[0.00017733]
[-0.00022353]
[0.01139209]
[0.00017733]
[-0.00997444]
[-0.00156046]
[0.00017733]
[0.00017733]
[0.00010537]
[-0.00072165]
[0.00190251]
[-0.01097797]
[0.00017733]
[0.00358615]
[-0.00174198]
[0.00087418]
[0.00017733]
[0.01139209]
[-0.00397529]
[0.00017733]
[0.00017733]
[0.0003892]
[0.00269877]
[0.00225152]
[0.00017733]
[0.00017733]
[-0.00072165]
[-0.00406947]
[0.00213382]
[0.00144347]
[0.00042638]
[0.00017733]
[0.00017733]
[-0.00437527]
[0.00016398]
[0.00017733]
[0.00131598]
[0.00017733]
[-0.00261936]
[0.00017733]
[0.00017733]
[5.5269746e-05]
[-0.01276291]
[0.00017733]
[0.00017733]
[0.00017733]
[-0.00020468]
[-0.00216413]
[0.00728395]
[0.00017733]
[0.00017733]
[0.00010537]
[0.00010537]
[0.00225152]
[0.02246256]
[0.00017733]
[0.00269877]
[0.00017733]
[0.00017733]
[0.00017733]
[0.004761]
[0.007383]
[0.00017733]
[0.0027906]
[-0.00176276]
[-0.00066949]
[0.00017733]
[8.138077e-05]
[0.00017733]
[0.00269877]
[-5.9302634e-05]
[0.00017733]
[0.00017733]
[-0.0003729]
[0.00017733]
[0.00017733]
[-0.01059959]
[0.00017733]
[0.00017733]
[0.00017733]
[-0.00033393]
[0.00012893]
[0.00017733]
[-0.0009141]
[0.00017733]
[0.00122436]
[-0.00272717]
[-0.00117202]
[0.00017733]
[0.03812504]
[-0.01097797]
[0.00017733]
[0.00016398]
[-0.00020468]
[0.00017733]
[0.00351422]
[0.01081834]
[-5.475481e-05]
[-0.00316551]
[0.00186919]
[-1.5287369e-06]
[0.0003892]
[0.0003892]
[-0.01059959]
[0.00017733]
[-1.1277967e-05]
[0.00071722]
[0.00017733]
[0.00017733]
[0.00017733]
[-0.00065668]
[-0.00342963]
[0.0026407]
[-0.00325532]
[0.00017733]
[0.00190251]
[-0.00040297]
[0.00017733]
[0.00017733]
[0.00017733]
[0.00017733]
[-0.00031235]
[0.00072834]
[0.001267]
[-0.01525675]
[-0.00157856]
[0.00010581]
[-0.00093153]
[-0.00157856]
[0.00017733]
[-0.00157856]
[-0.00157856]
[-0.00542143]
[-0.00452852]
[0.00017733]
[0.00327068]
[0.00017733]
[0.00017733]
[0.00017733]
[0.00017733]
[0.00017733]
[-0.00264982]
[0.0074016]
[0.00017733]
[0.00327068]
[-0.00091461]
[-0.00352872]
[0.00017733]
[-0.00572979]
[-0.001367]
[0.0017142]
[0.00247233]
[0.00765732]
[0.00389917]
[-0.00169456]
[0.00696024]
[0.00031432]
[-4.815581e-05]
[0.00436498]
[0.00071436]
[-0.00299879]
[0.01286181]
[0.00017733]
[0.00017733]
[0.00017733]
[0.00017733]
[0.00180384]
[0.00052266]
[-0.00073965]
[0.00017733]
[0.00017733]
[7.840738e-05]
[0.00017733]
[-0.0076787]
[0.00647262]
[-0.01051192]
[7.840738e-05]
[0.00025383]
[-0.00499195]
[0.00320716]
[-0.01525675]
[0.00017733]
[0.00017733]
[0.00017733]
[0.00017733]
[0.00194036]
[-4.815581e-05]
[0.00107794]
[0.00017733]
[0.00017733]
[0.00696024]
[0.00017733]
[-0.00170769]
[0.00037477]
[8.574908e-05]
[0.00017733]
[0.00038605]
[0.00017733]
[0.00038605]
[-0.0024273]
[0.0027233]
[0.01286181]
[-0.01525675]
[0.00017733]
[-0.00499195]
[0.00017733]
[0.00017733]
[5.109003e-06]
[0.00010581]
[0.00017733]
[0.00017733]
[0.00017733]
[0.00017733]
[0.00012082]
[0.00017733]
[0.00075391]
[0.00017733]
[0.00017733]
[-0.00542143]
[7.840738e-05]
[0.00017733]
[-0.00452852]
[-0.00121039]
[0.00017733]
[-0.01116932]
[0.00052266]
[-0.00294074]
[-0.00294074]
[-0.01116932]
[0.00161612]
[0.00030239]
[0.00494991]
[0.00017733]
[0.00017733]
[0.00242106]
[-0.00217363]
[-0.00255782]
[0.00017733]
[0.00389917]
[0.01286181]
[-0.0018328]
[0.00293151]
[0.0007211]
[0.00017733]
[-0.00255782]
[0.00017733]
[8.574908e-05]
[0.00017733]
[0.00017733]
[0.00160242]
[0.00160242]
[0.0035622]
[0.00996381]
[0.00017733]
[0.00327068]
[0.00017733]
[-0.00425776]
[-0.00264982]
[0.00604074]
[1.1494674e-05]
[0.00017733]
[0.00121797]
[-0.00186574]
[0.00017733]
[-0.00073965]
[0.00017733]
[-0.00124965]
[0.00052266]
[-0.0024273]
[0.00293151]
[-0.00073965]
[7.840738e-05]
[0.0045903]
[0.00017733]
[-0.00299879]
[-0.00169456]
[0.00017733]
[-0.00040358]
[-0.00091461]
[-0.00166221]
[0.00017733]
[0.00017733]
[0.00017733]
[0.00015984]
[0.00396779]
[0.01254133]
[0.00017733]
[0.00017733]
[0.00017733]
[-0.00297697]
[0.00380929]
[0.00017733]
[-0.00060755]
[0.00315591]
[-0.00038277]
[0.00017733]
[0.00017733]
[0.00211767]
[0.00315591]
[0.00017733]
[-0.00313289]
[0.00017733]
[0.00017733]
[-0.00026974]
[0.00017733]
[0.00017733]
[0.00231158]
[0.00013187]
[0.00017733]
[-0.00024291]
[0.00113061]
[0.00017733]
[0.00017733]
[0.00380929]
[0.00017733]
[0.00017733]
[0.00017733]
[0.00394205]
[0.00017733]
[-0.00612607]
[-0.0026854]
[6.7496905e-05]
[0.00017733]
[0.00017733]
[0.00699221]
[0.00017733]
[-0.00556985]
[-0.00396799]
[0.00017733]
[-0.00023261]
[0.00017733]
[0.00017733]
[6.7496905e-05]
[0.00119177]
[-0.00023261]
[0.00112733]
[0.00017733]
[0.00017733]
[-0.00056142]
[0.00183472]
[0.00017733]
[-0.00056142]
[-0.00033086]
[0.00211767]
[-0.00023821]
[0.0042333]
[0.00017733]
[0.00017733]
[-0.00076957]
[0.00017733]
[0.00017733]
[-0.00117891]
[0.00017733]
[-9.7407436e-05]
[0.00017733]
[0.00254888]
[0.00020376]
[-0.00760611]
[0.00017733]
[-0.00060755]
[-0.01003274]
[0.00017733]
[0.00017733]
[0.00440147]
[-0.00072523]
[0.00380929]
[0.00034836]
[0.00017733]
[-0.00045731]
[-0.00703196]
[0.00153766]
[-0.01869095]
[0.00017733]
[-0.00060755]
[0.00017733]
[0.00017733]
[0.00017733]
[-0.00046876]
[0.00017733]
[0.00017733]
[0.0011095]
[0.00017733]
[0.00017733]
[-0.00313289]
[0.00017733]
[0.00017733]
[6.38513e-05]
[0.00017733]
[0.00017733]
[0.00017733]
[0.00034836]
[0.00017733]
[0.00017733]
[0.00315591]
[0.00032258]
[0.00017733]
[0.0011095]
[-0.00072523]
[0.00017733]
[0.00017733]
[-0.00038277]
[-0.00190502]
[0.00017733]
[0.00017733]
[0.00017733]
[0.0003312]
[0.00133629]
[-0.00147712]
[0.00017733]
[0.00017733]
[0.00017733]
[0.00017733]
[0.00017733]
[0.00017733]
[-0.002544]
[0.00017733]
[0.00017733]
[0.00017733]
[-0.00411606]
[-0.00061296]
[0.00301541]
[0.00017733]
[-0.00038277]
[-0.00026974]
[0.00124525]
[0.00020376]
[0.00017733]
[0.00017733]
[0.00017733]
[0.00483816]
[-0.00078853]
[0.00022493]
[0.00017733]
[0.00131252]
[0.00017733]
[0.00237899]
[0.00017733]
[0.00017733]
[0.00017733]
[0.00391505]
[0.00017733]
[0.00391505]
[0.00254888]
[0.00017733]
[-0.00297697]
[-0.00117891]
[0.00017733]
[0.00017733]
[-0.00297697]
[0.00017733]
[0.00192694]
[0.00065673]
[0.00017733]
[0.02048104]
[0.00017733]
[-0.00941926]
[0.00107104]
[-0.00794609]
[6.0544582e-05]
[-0.00368712]
[-0.00225313]
[0.00017733]
[0.00017733]
[0.00017733]
[0.00017733]
[0.00017733]
[0.00898621]
[-0.00307508]
[1.0654738e-05]
[0.00017733]
[-0.00031104]
[0.00017733]
[-2.384858e-05]
[0.00196879]
[0.00017733]
[0.00017733]
[0.00017733]
[8.085003e-05]
[0.00017733]
[0.00017733]
[0.00041137]
[-0.00195531]
[0.00011625]
[0.00017733]
[-0.00969936]
[0.00196879]
[1.0654738e-05]
[-0.00046513]
[-0.00033794]
[0.00017733]
[0.00017733]
[0.00496491]
[0.00040313]
[0.00017733]
[0.00017733]
[0.00642902]
[0.00898621]
[-0.00287647]
[0.00017733]
[-0.00195531]
[-0.00115452]
[-0.00113459]
[-0.00115452]
[-0.00225313]
[-0.00225313]
[0.00017733]
[0.00107104]
[0.00017733]
[0.00017733]
[-0.00257004]
[-0.00033794]
[0.00017733]
[0.00246706]
[0.00032574]
[0.00017733]
[0.00017733]
[-0.00143762]
[-0.00214909]
[0.00157602]
[-0.01474862]
[-0.00420914]
[0.01057347]
[0.00017733]
[-0.00016727]
[0.0042216]
[0.00017733]
[0.00036861]
[0.00017733]
[0.00017733]
[-0.01474862]
[-0.00195531]
[0.00937803]
[0.00017733]
[0.00830653]
[0.00017733]
[0.00273312]
[-0.00016727]
[6.0544582e-05]
[-0.01605119]
[0.0078819]
[0.00272106]
[0.00017733]
[0.00020509]
[-0.00150069]
[-0.00307508]
[-0.01356923]
[-0.00384784]
[-0.00474241]
[-0.00757925]
[0.00049302]
[0.00017733]
[0.00496491]
[0.00088879]
[0.00017733]
[0.0015248]
[0.00017733]
[-0.00969936]
[-2.1808431e-05]
[-0.00132664]
[0.00017482]
[0.00835354]
[-0.00083683]
[0.0043245]
[0.00017733]
[0.00017733]
[-0.00345834]
[0.00017482]
[0.00017733]
[-0.00281291]
[0.00017733]
[-0.00416369]
[-0.00368712]
[0.00430716]
[0.00077558]
[0.00017733]
[0.00763285]
[0.00830653]
[0.00017733]
[-0.00757925]
[0.00017733]
[0.00451567]
[0.00017733]
[-5.0126895e-05]
[-0.00192092]
[-0.00132664]
[0.0015248]
[0.00017733]
[-0.00280609]
[-0.01020579]
[0.00017733]
[0.00017733]
[-0.00476765]
[0.03060473]
[0.00017733]
[-0.01356923]
[0.00169093]
[0.00017733]
[6.4612075e-05]
[-0.00192092]
[1.0654738e-05]
[0.00496491]
[0.00017733]
[0.00027904]
[0.00724713]
[0.00017733]
[0.00017733]
[0.00017733]
[-0.00794609]
[0.00017733]
[0.00035814]
[0.00038466]
[-0.00113459]
[0.00017733]
[0.00196879]
[0.00017733]
[0.00431301]
[8.085003e-05]
[0.00017733]
[-0.00848878]
[0.00017733]
[0.00017733]
[-3.7468883e-05]
[0.00038515]
[0.00017733]
[0.00472921]
[0.00377734]
[0.00017733]
[0.00017733]
[0.00038515]
[-0.0065739]
[0.00182755]
[0.00017733]
[-0.0032459]
[-0.00494929]
[-0.00563814]
[0.00583752]
[0.0009477]
[-0.00759856]
[0.00017733]
[-0.00094299]
[-0.00109942]
[0.00017733]
[-0.01384711]
[0.00347443]
[0.00038515]
[0.00017733]
[-0.01281769]
[0.00075452]
[-0.00848878]
[0.00017733]
[-0.00702325]
[0.00017733]
[0.00017733]
[-1.5419617e-05]
[0.00017733]
[-0.00122659]
[0.00017733]
[0.00017733]
[-8.445897e-05]
[0.00017733]
[-0.00109989]
[0.00196996]
[0.00017733]
[-0.00035694]
[0.00017733]
[-0.00195959]
[0.00017733]
[0.00196996]
[0.00106686]
[-0.00759856]
[-0.00086762]
[-0.00062717]
[0.00063202]
[0.00017733]
[0.00017733]
[0.00017733]
[0.00017733]
[-0.00150848]
[0.00017733]
[-0.01281769]
[0.00503769]
[-0.00159894]
[0.00273072]
[0.00017733]
[7.93878e-05]
[-0.01601349]
[-0.00417984]
[0.0040802]
[0.00260984]
[0.00403481]
[0.00017733]
[0.00017733]
[0.00017733]
[-0.00195959]
[0.00017733]
[-0.0065739]
[-0.00150848]
[0.00017733]
[-0.00109942]
[0.00017733]
[0.00017733]
[0.00346384]
[-0.00848878]
[0.01298964]
[0.00017733]
[0.00017733]
[-0.00848878]
[0.00017733]
[0.01311642]
[-0.01511769]
[0.00456637]
[0.00017733]
[0.00017733]
[-8.028746e-05]
[0.0156186]
[0.00017733]
[0.00017733]
[0.00233754]
[-0.03300698]
[0.00017733]
[9.81944e-05]
[-0.01384711]
[0.00017733]
[0.00017733]
[0.00017733]
[0.00346384]
[-0.00150848]
[0.00407323]
[-8.028746e-05]
[0.00090827]
[0.00431406]
[0.00503769]
[0.00075452]
[0.0040802]
[0.00347443]
[-0.0065739]
[0.00017733]
[0.00373164]
[0.00185842]
[0.00017733]
[-0.00278336]
[0.00185842]
[0.00039769]
[0.00427959]
[-0.00848878]
[0.00017733]
[0.00366356]
[0.0009477]
[-0.00045923]
[0.00080539]
[0.00427959]
[0.00657926]
[0.00028663]
[0.00017733]
[0.00080539]
[-4.069772e-05]
[0.00204297]
[-0.00109942]
[-0.00062717]
[0.00017733]
[-1.5419617e-05]
[-0.01281769]
[0.00017733]
[0.00080539]
[-0.00153727]
[-0.00035879]
[-0.00541881]
[0.00017733]
[-0.00150848]
[0.00017733]
[0.00080539]
[0.00017733]
[0.00017733]
[-0.00048385]
[0.00017733]
[0.00017733]
[0.00017733]
[0.00047869]
[0.00017733]
[0.01302646]
[0.00017733]
[0.00017733]
[0.00017733]
[0.00017733]
[0.00196996]
[0.00017733]
[-0.0052529]
[0.0010887]
[0.00017733]
[0.00017733]
[-0.00417935]
[0.00256011]
[-0.00039125]
[0.00017733]
[0.00601429]
[0.00161448]
[0.00017733]
[-0.00084836]
[-0.00759474]
[0.00017733]
[0.00017733]
[0.00017733]
[0.00017733]
[0.00148447]
[0.00017733]
[0.00017733]
[-0.00522583]
[0.00077332]
[-0.00140327]
[0.00017733]
[-0.00175335]
[-0.00252012]
[0.00017733]
[0.00017733]
[-0.00312463]
[0.00601429]
[0.00017733]
[0.00017733]
[0.00017733]
[0.00017997]
[0.00473012]
[-0.00447161]
[0.00041614]
[-0.00034189]
[0.00216592]
[0.00041614]
[-0.00066413]
[0.00017733]
[0.002883]
[-0.00167534]
[-0.00175335]
[-0.00084793]
[0.00017733]
[0.00017733]
[0.00121164]
[0.00430459]
[-0.00522583]
[0.00041614]
[0.00017733]
[0.00548074]
[-0.00176508]
[0.00017733]
[0.00022559]
[0.00017733]
[0.00017733]
[0.00283617]
[-0.00854779]
[0.00017733]
[0.00083757]
[0.00601429]
[-0.00039125]
[0.00017733]
[0.00017733]
[-0.00252012]
[0.00488411]
[-0.00206901]
[0.00700208]
[-0.00402836]
[-0.00447161]
[0.01136629]
[0.00430459]
[0.00017733]
[0.00017733]
[0.00017733]
[-0.0025101]
[0.00098527]
[0.00017733]
[0.00017733]
[0.00036273]
[0.00017733]
[-0.0011226]
[2.9855699e-05]
[-0.01622574]
[0.01941573]
[0.00017733]
[0.0010887]
[0.00017733]
[0.00017733]
[0.00017733]
[0.00017733]
[0.00017733]
[0.00017733]
[0.00017733]
[0.00017733]
[0.00017733]
[0.0012558]
[-0.00140327]
[0.00017733]
[0.00017733]
[-0.00077981]
[0.00362504]
[-0.00029211]
[-0.00175335]
[-0.01060158]
[0.00038704]
[0.00077332]
[0.00017733]
[0.00127656]
[0.00182234]
[0.00017733]
[0.00017733]
[0.00800592]
[0.0184988]
[-0.00193532]
[0.00182234]
[-0.00034189]
[-0.01060158]
[-7.2296825e-05]
[0.00017733]
[-0.00150606]
[-0.00417935]
[0.00017733]
[0.00035521]
[-0.0009043]
[0.00017733]
[0.002883]
[0.00022559]
[0.00077234]
[0.00022559]
[0.00017733]
[0.00017733]
[0.00354909]
[0.00375166]
[0.00077332]
[-0.0055267]
[0.00261746]
[0.00077332]
[-0.00238085]
[0.00017733]
[0.00017733]
[0.00017733]
[-0.00204359]
[0.00121164]
[0.00017733]
[0.00017733]
[0.00416785]
[-0.00140327]
[-0.00231707]
[0.00017733]
[0.0001833]
[0.00017733]
[0.00044428]
[0.00101476]
[-0.00019502]
[0.00017733]
[0.01335782]
[0.00058247]
[0.00017733]
[0.00548074]
[-0.00090117]
[0.0001756]
[0.00125233]
[-7.2296825e-05]
[0.00283146]
[-0.00066566]
[0.00017733]
[-0.00081359]
[0.00583525]
[0.00018931]
[-0.0126619]
[0.00017733]
[0.00712708]
[0.00017733]
[0.00017733]
[-0.00093473]
[0.00017733]
[-0.0126619]
[0.00080782]
[-0.00605603]
[0.00105732]
[0.00017733]
[0.00017733]
[0.00706319]
[-0.00104146]
[-0.00042953]
[0.00689485]
[0.00017733]
[0.00414156]
[0.00706702]
[0.00017733]
[0.00349207]
[-5.6976773e-05]
[-0.00528267]
[-0.00090272]
[0.00123883]
[0.00017733]
[0.00017733]
[0.00222833]
[0.00017733]
[-0.00048401]
[0.00017733]
[0.00138827]
[-8.8056404e-05]
[0.00017733]
[-0.00019019]
[-0.00480565]
[-0.00249343]
[-0.00078614]
[0.00017733]
[-0.00825455]
[0.00062958]
[-0.0126619]
[0.00689485]
[0.00017733]
[0.00017733]
[0.00017733]
[0.00017733]
[0.00024505]
[0.00017733]
[-0.00199981]
[0.00161294]
[-0.00136197]
[0.00017733]
[0.00549022]
[0.00017733]
[0.00583525]
[0.00017733]
[0.00017733]
[0.00017733]
[-0.00173113]
[0.00017733]
[-0.00019019]
[0.00211194]
[-8.8056404e-05]
[0.00017733]
[0.00017733]
[-0.00030305]
[0.00676633]
[0.00017733]
[0.00038327]
[0.04000532]
[0.0004584]
[-0.00173113]
[0.00017733]
[0.00017733]
[9.896571e-05]
[-0.01053458]
[0.00319364]
[-0.00103668]
[0.00017733]
[0.00414156]
[0.00689485]
[-0.00110733]
[0.00017733]
[0.00026125]
[-0.00199981]
[-0.00678419]
[0.00330659]
[0.00017733]
[0.00017733]
[-0.01865004]
[0.00685782]
[0.0004584]
[0.00152362]
[0.00314357]
[0.00111047]
[0.0008261]
[0.00017733]
[-0.00092117]
[0.00098024]
[-0.00042953]
[0.00017733]
[0.00123883]
[0.00017733]
[0.00152581]
[-0.00173113]
[0.00224004]
[0.00017733]
[0.01051219]
[0.00108575]
[0.0010402]
[0.00017733]
[-0.02343348]
[0.00229686]
[0.00052152]
[0.00111047]
[0.00017733]
[-5.6976773e-05]
[-0.0126619]
[0.00017733]
[0.00290702]
[0.00278889]
[0.00017733]
[0.00017733]
[0.00330659]
[0.01029287]
[0.00017733]
[0.00017733]
[0.00017733]
[0.00349207]
[-0.00605603]
[-0.0089228]
[-0.00605603]
[0.0011381]
[0.00017733]
[0.00062958]
[0.00583525]
[0.00017733]
[0.00017733]
[-0.00249343]
[0.00017733]
[0.00017733]
[0.00319364]
[-0.0001245]
[-0.00042953]
[0.00038327]
[-0.00678419]
[0.00017733]
[0.00017733]
[0.01029287]
[0.00017733]
[-0.00390587]
[-0.00553709]
[0.00017733]
[-0.00658949]
[0.00018946]
[0.00017733]
[-0.00104667]
[0.00974493]
[-0.00028222]
[0.00017733]
[-0.00012289]
[-0.00091628]
[0.00017733]
[0.00192511]
[0.00017733]
[-0.00227065]
[-0.00945086]
[-0.00033641]
[0.00017733]
[0.00017733]
[-0.00155762]
[0.00024298]
[-0.00421091]
[0.00034188]
[-0.00240342]
[0.01045076]
[0.0052606]
[-0.00012289]
[0.00017733]
[-0.00390587]
[0.00017733]
[0.00024454]
[-0.00227065]
[-0.00057354]
[0.00017733]
[0.00017733]
[0.00185647]
[0.00017733]
[0.00592444]
[-0.00255704]
[0.00017733]
[-0.00240342]
[0.00017733]
[0.00017733]
[0.00017733]
[0.00018946]
[-0.00290419]
[0.00314786]
[0.00017733]
[0.00420532]
[-0.00250773]
[0.00017733]
[-0.00601004]
[0.0002829]
[0.00017733]
[0.00017733]
[-0.00421091]
[0.0036067]
[0.00017733]
[0.00525038]
[0.00017733]
[0.00017733]
[-0.00026828]
[0.00017733]
[0.0042966]
[0.00017733]
[0.00017733]
[0.00263328]
[0.00102474]
[0.00017733]
[-0.00511672]
[0.00233766]
[-0.00122014]
[0.00995257]
[-0.00250773]
[-6.824531e-05]
[0.00246696]
[-0.00011439]
[0.01169351]
[0.00974493]
[0.00187951]
[0.00017733]
[0.00404336]
[0.00017733]
[0.00017733]
[0.00017733]
[0.00017733]
[0.00017733]
[0.00017733]
[0.00619327]
[0.02169986]
[0.00017733]
[0.00366525]
[0.00017733]
[0.00440659]
[0.00017733]
[0.01045076]
[0.00980206]
[0.00611375]
[0.00017733]
[0.00017733]
[0.00017733]
[0.00366525]
[0.00330211]
[0.0026566]
[0.00017733]
[0.00017733]
[-0.00442005]
[0.00417126]
[-0.00945086]
[0.00216478]
[0.00017733]
[0.0036067]
[0.00017733]
[-0.00122014]
[0.00192511]
[0.00017733]
[0.00017733]
[0.00314786]
[-0.02513206]
[-0.00343344]
[0.00018946]
[0.00017733]
[0.00017733]
[0.00017733]
[0.00017733]
[-0.00421091]
[0.00446209]
[-0.00257977]
[0.00187951]
[0.00017733]
[0.00263328]
[0.00611375]
[0.00017733]
[-0.00127889]
[0.00332112]
[0.00017733]
[-0.00709714]
[0.00017733]
[0.0002829]
[0.00017733]
[0.0005432]
[0.0036067]
[0.00017733]
[0.00048161]
[-0.00155762]
[-0.00045499]
[0.00894627]
[0.00280883]
[0.00017733]
[-0.00071523]
[0.00017733]
[0.00017733]
[0.01091013]
[0.00017733]
[0.0050183]
[0.0042966]
[0.0052606]
[2.9243733e-05]
[2.9243733e-05]
[0.00211284]
[0.00647954]
[0.00108464]
[0.00211284]
[-0.00048903]
[-0.01160037]
[0.00017733]
[0.00017733]
[2.9243733e-05]
[-0.02026249]
[-0.02026249]
[0.00017733]
[-0.00279232]
[-0.00121321]
[-0.01160037]
[-0.00130366]
[-0.00623297]
[-0.01127775]
[-0.00840783]
[-0.00840783]
[0.00211284]
[0.00264277]
[-0.00121321]
[0.0001384]
[-0.0014582]
[2.9243733e-05]
[0.00647954]
[0.00017733]
[0.00017733]
[0.00264277]
[-0.01127775]
[-0.00279232]
[2.9243733e-05]
[0.00017733]
[0.00017733]
[0.00017733]
[0.00264277]
[-0.00121321]
[-0.00279232]
[0.00017733]
[2.9243733e-05]
[-0.02026249]
[0.00264277]
[-0.01127775]
[0.0001384]
[-0.00130366]
[0.00017733]
[2.9243733e-05]
[-0.00121321]
[0.00264277]
[0.00017733]
[-0.02026249]
[-0.00121321]
[0.00338932]
[0.00220033]
[0.00017733]
[0.00211284]
[2.9243733e-05]
[0.00264277]
[-0.0014582]
[-0.00279232]
[-0.02026249]
[0.00684875]
[0.00017733]
[0.00017733]
[-0.00027152]
[0.00017733]
[0.00017733]
[0.00017733]
[0.00017733]
[0.00329942]
[0.00017733]
[0.0001219]
[0.00329942]
[0.00684875]
[0.00017733]
[0.00017733]
[0.00017733]
[-0.00108494]
[0.00684875]
[0.00017733]
[-0.00882916]
[0.00017733]
[-0.00027152]
[-0.00882916]
[-0.00104734]
[0.00017733]
[0.00329942]
[0.00339326]
[-0.00108494]
[0.00017733]
[0.00017733]
[0.00017733]
[0.00339326]
[0.00017733]
[0.00080858]
[0.00080858]
[0.00017733]
[0.00684875]
[0.00080858]
[0.00684875]
[0.00017733]
[0.00684875]
[0.00017733]
[-0.00108494]
[0.00017733]
[0.00339326]
[0.00017733]
[0.00017733]
[0.00017733]
[0.00017733]
[-0.00882916]
[0.0001219]
[0.00329942]
[-0.00027152]
[0.00017733]
[0.00017733]
[0.00017733]
[0.00017733]
[0.00017733]
[0.00017733]
[-0.00027152]
[0.00017733]
[0.0001219]
[0.00017733]
[-0.00108494]
[0.00017733]
[0.00339326]
[0.00017733]
[0.00017733]
[0.00329942]
[-0.0106721]
[-0.0106721]
[0.00017733]
[0.00334706]
[0.00017733]
[0.00319323]
[0.00017733]
[0.00017733]
[0.00612134]
[0.00094282]
[-0.00193318]
[0.00612134]
[0.00264519]
[-0.0106721]
[0.00017733]
[-0.0106721]
[0.00017733]
[-0.00589258]
[-0.0106721]
[0.00017733]
[0.00264519]
[0.00017733]
[-0.01603102]
[0.00094282]
[-0.00589258]
[0.00467995]
[0.00017733]
[0.00017733]
[0.00017733]
[0.00334706]
[-0.00193318]
[-0.00193318]
[0.00612134]
[0.00094282]
[0.00612134]
[0.00043968]
[-0.00589258]
[0.00043968]
[0.00017733]
[-0.00589258]
[0.00017733]
[0.00094282]
[0.00017733]
[0.00017733]
[-0.0106721]
[0.00017733]
[-0.00589258]
[0.00017733]
[0.00017733]
[0.00264519]
[0.00043968]
[-0.00589258]
[0.00017733]
[-0.0106721]
[0.00017733]
[0.00017733]
[-0.00035035]
[0.00612134]
[0.00017733]
[0.00017733]
[0.00017733]
[0.00017733]
[0.00017733]
[0.00017733]
[0.00017733]
[-0.01603102]
[0.00612134]
[0.00017733]
[-0.0106721]
[0.00017733]
[0.00043968]
[-0.00035035]
[-0.00193318]
[-0.01144557]
[-0.0106721]
[0.00467995]
[0.00037284]
[0.00017733]
[0.00612134]
[0.00017733]
[0.00017733]
[0.00017733]
[0.00017733]
[0.00070108]
[-0.00371647]
[0.00205462]
[0.00023882]
[0.00222839]
[0.00017733]
[0.00017733]
[0.00017733]
[0.00284445]
[0.00017733]
[0.0035694]
[0.00141635]
[0.00284445]
[0.01568006]
[0.00017733]
[0.00264207]
[0.00017733]
[-0.00371647]
[-0.00063311]
[0.00344586]
[-0.00371647]
[0.00205462]
[0.00017733]
[0.01568006]
[0.00017733]
[0.00017733]
[0.00017733]
[0.00017733]
[0.00017733]
[0.00067083]
[0.00023882]
[0.00087743]
[0.0035694]
[0.00457084]
[0.00457084]
[4.681619e-05]
[0.00284445]
[0.00023882]
[0.00017733]
[0.00070108]
[0.00017733]
[-0.00063311]
[0.00017733]
[4.681619e-05]
[0.00087743]
[0.00017733]
[4.681619e-05]
[0.00457084]
[0.00141635]
[0.00070108]
[0.00457084]
[0.00017733]
[-0.00154192]
[-0.00371647]
[-0.00154192]
[0.0035694]
[-0.00371647]
[-0.00154192]
[0.00023882]
[-0.00063311]
[4.681619e-05]
[0.00087743]
[0.00087743]
[0.00284445]
[0.00070108]
[0.00017733]
[0.00017733]
[0.00087743]
[0.00264207]
[0.0035694]
[4.681619e-05]
[0.00070108]
[0.00017733]
[0.00017733]
[0.00222839]
[0.00017733]
[-0.00023047]
[0.00017733]
[0.00019356]
[0.00017733]
[0.00017733]
[0.00017733]
[-0.00023047]
[0.00164044]
[0.00301355]
[0.00017733]
[0.00187246]
[0.00017733]
[0.00171988]
[0.00017733]
[0.00017733]
[0.00071787]
[0.00017733]
[0.00017733]
[0.00164044]
[0.00390887]
[0.00017733]
[-0.00549291]
[-0.00627958]
[0.00017733]
[0.00019356]
[-0.00627958]
[0.00301323]
[0.00017733]
[0.00037222]
[-0.00627958]
[-0.01200281]
[0.00017733]
[0.00171988]
[0.00019356]
[0.00017733]
[0.00017733]
[-0.01200281]
[0.00071197]
[0.00301323]
[0.00183788]
[-0.00023047]
[0.00017733]
[-0.00023047]
[0.00080982]
[0.00171988]
[0.00019356]
[0.00164044]
[-0.00627958]
[0.00017733]
[0.00071197]
[0.00171988]
[0.00017733]
[0.00017733]
[0.00017733]
[0.00017733]
[0.00301323]
[0.00301323]
[0.00017733]
[0.00017733]
[0.00017733]
[0.00017733]
[0.00017733]
[0.00019356]
[-0.01200281]
[0.00017733]
[0.00187246]
[-0.00023047]
[0.00017733]
[0.00301323]
[0.00017733]
[0.00017733]
[0.00017733]
[0.00171988]
[0.00071787]
[0.00187246]
[0.00080982]
[0.00017733]
[0.00017733]
[0.00071787]
[0.00017733]
[0.00017733]
[0.00017733]
[0.00017733]
[-0.00627958]
[9.214462e-05]
[-0.00273641]
[0.00079316]
[0.01476633]
[0.00295098]
[0.00017733]
[-0.00140059]
[0.00024758]
[-0.00013399]
[-0.00016809]
[-0.00105157]
[0.00017733]
[0.01476633]
[0.00017733]
[0.00504118]
[0.00017733]
[0.00594142]
[0.01476633]
[0.00017733]
[-0.00098011]
[0.00017733]
[-0.00077317]
[-0.00098011]
[0.00017733]
[0.00477217]
[0.00477217]
[0.00594142]
[-0.00098011]
[-0.00098011]
[0.01476633]
[-0.00273641]
[0.00477217]
[0.00017733]
[-0.00098011]
[0.00017733]
[0.00295098]
[-0.00273641]
[0.00017733]
[0.00017733]
[0.00504118]
[0.00024758]
[0.00079316]
[-0.00013399]
[0.00024758]
[0.00024758]
[0.00079316]
[-0.00105157]
[0.00017733]
[-0.00105157]
[-0.00122857]
[0.00295098]
[-0.00016809]
[-0.00714191]
[0.00017733]
[0.00017733]
[0.00017733]
[-0.00077317]
[0.00017733]
[9.214462e-05]
[0.00024758]
[-0.00122857]
[0.00017733]
[0.00017733]
[0.00153908]
[0.00836862]
[-0.00976656]
[0.00017733]
[0.00017733]
[0.00431856]
[0.00523265]
[0.00163262]
[0.00017733]
[0.00521677]
[0.00017733]
[0.00521677]
[-0.01213606]
[0.00017733]
[0.00017855]
[0.00523265]
[-0.00089586]
[0.00017733]
[0.00163262]
[-0.00072413]
[0.00017733]
[-0.00496209]
[0.00336786]
[0.00017733]
[0.00017733]
[0.00017733]
[0.00017733]
[0.00163262]
[0.00017733]
[0.00017733]
[0.00163262]
[-0.00046781]
[-0.00306092]
[-0.00306092]
[0.00017733]
[0.00336786]
[0.00017733]
[0.00032452]
[0.00836862]
[0.00336786]
[0.00017733]
[0.00521677]
[-0.00496209]
[0.00017733]
[0.00523265]
[-0.00976656]
[-0.01213606]
[0.00163262]
[-0.00089586]
[0.00017733]
[0.00017733]
[-0.01213606]
[0.00017733]
[0.00017733]
[0.00017733]
[0.00521677]
[0.00523265]
[0.00034466]
[-0.00046781]
[0.00017733]
[0.00017733]
[0.00017733]
[0.00163262]
[0.00017733]
[0.00336786]
[0.00226996]
[0.00017733]
[0.00017733]
[0.00226996]
[0.00017733]
[0.00521677]
[-0.00306092]
[0.00226996]
[-0.00496209]
[0.00015115]
[0.00032452]
[0.00226996]
[0.00521677]
[0.00836862]
[0.00034466]
[0.00336786]
[-0.00044101]
[0.0005447]
[-0.00522199]
[0.00017733]
[0.0001234]
[0.00053408]
[0.00053408]
[-0.00099328]
[-0.00886657]
[0.00473981]
[-0.00224679]
[0.00017733]
[-0.00224679]
[-0.00447493]
[0.00100872]
[0.00263693]
[0.00017733]
[0.00053408]
[0.00048918]
[0.00100872]
[0.00122704]
[0.00028381]
[-0.00224679]
[-0.00059953]
[0.00017733]
[-0.00990026]
[-0.00990026]
[-0.00522199]
[0.0005447]
[0.00017733]
[0.00087515]
[0.00473981]
[0.00017733]
[0.00263693]
[-0.00224679]
[-0.00447493]
[0.00017733]
[0.0001234]
[0.00017733]
[-0.00059953]
[0.00017733]
[0.00017733]
[-0.00886657]
[-0.00990026]
[0.0001234]
[0.00028381]
[0.00122704]
[0.0001234]
[0.00028381]
[-0.00463277]
[0.00053408]
[0.00017733]
[-0.00059953]
[0.00017733]
[0.00122704]
[0.00100872]
[0.00053408]
[0.00017733]
[0.00087515]
[-0.00061246]
[-0.00149709]
[-0.00149709]
[0.00198977]
[0.00017733]
[0.00017733]
[-0.01698783]
[-0.00342478]
[0.00952693]
[0.00430456]
[0.00423267]
[0.00430456]
[0.00101064]
[0.00198977]
[-0.01698783]
[0.00245317]
[0.00182423]
[0.00631843]
[0.00017733]
[-0.01698783]
[-0.00061246]
[0.00904149]
[0.00017733]
[0.00904149]
[-0.00400492]
[-0.00400492]
[0.00017733]
[-0.00400492]
[0.00238436]
[0.00952693]
[-0.01698783]
[0.00198977]
[0.00101064]
[-0.00061246]
[0.00423267]
[-0.00302108]
[-0.00061246]
[0.00101064]
[0.00952693]
[-0.00302108]
[0.00017733]
[0.00030937]
[0.00017733]
[0.00904149]
[-0.00342478]
[0.00017733]
[-0.0028619]
[0.00430456]
[-0.00342478]
[0.00017733]
[0.00017733]
[0.00017733]
[0.00631843]
[0.00238436]
[0.00101064]
[0.00198977]
[0.00017733]
[0.00017733]
[-0.00342478]
[-0.00400492]
[0.00952693]
[0.00101064]
[0.00017733]
[-0.00302108]
[0.00423267]
[-0.0028619]
[0.00030937]
[-0.00061246]
[-0.00342478]
[0.00245317]
[0.00631843]
[0.00952693]
[0.00017733]
[0.00018064]
[0.00017733]
[-0.01698783]
[0.00017733]
[0.00017733]
[-0.00058523]
[-0.00231143]
[0.00017733]
[0.00017733]
[0.00017733]
[-0.00293626]
[0.00017733]
[-0.00058523]
[0.00017733]
[-0.00197249]
[-0.00231143]
[-0.00044846]
[-0.00293626]
[0.00017733]
[0.00053506]
[0.00017733]
[-0.00152297]
[0.00017733]
[-0.00152297]
[0.00017733]
[-0.00321715]
[0.00459112]
[0.00053506]
[0.00017733]
[0.00294199]
[-0.00067655]
[0.00017733]
[0.00017733]
[0.00017733]
[-0.00058523]
[-0.00058523]
[-0.00044846]
[-0.00067655]
[-0.00044846]
[-0.00058523]
[-0.00293626]
[-0.0020577]
[0.00017733]
[0.00045367]
[0.00045367]
[0.00017733]
[-0.00293626]
[0.00017733]
[0.00017733]
[-0.00067655]
[0.00053506]
[-0.00197249]
[-0.00231143]
[0.00017733]
[-0.00321715]
[0.00017733]
[0.00053506]
[0.00017733]
[0.00459112]
[-0.00164753]
[-0.00067655]
[0.00053506]
[-0.0020577]
[0.00017733]
[0.00017733]
[0.00407414]
[0.00017733]
[-0.00044846]
[0.00017733]
[0.00017733]
[-0.00231143]
[0.00017733]
[-0.00058523]
[0.00459112]
[0.00017733]
[-0.0020577]
[0.00459112]
[0.00017733]
[0.00300027]
[0.00017733]
[0.00019389]
[0.00203275]
[0.00077344]
[-0.00768104]
[0.00048161]
[0.00017733]
[0.00300027]
[0.00300027]
[0.00017733]
[-0.00547789]
[0.00048161]
[-0.00572532]
[0.00017733]
[0.00161894]
[0.00019389]
[0.00024722]
[0.00019389]
[-0.00547789]
[0.00017733]
[-0.0022225]
[0.00017733]
[0.00017733]
[0.00017733]
[0.00161894]
[0.00077344]
[0.00048161]
[0.00017733]
[0.00017733]
[0.00203275]
[-0.00039144]
[0.00017733]
[0.00017733]
[0.00161894]
[0.00022674]
[0.00017733]
[-0.00572532]
[0.00017733]
[0.00017733]
[-0.00547789]
[0.00017733]
[0.00017733]
[0.00017733]
[0.00048161]
[-0.0022225]
[0.00017733]
[0.00017733]
[0.00077344]
[0.00017733]
[0.00017733]
[0.00048161]
[0.00024722]
[0.00161894]
[-0.00138062]
[0.00017733]
[0.00048161]
[-0.00039144]
[-0.00039144]
[0.00017733]
[-0.00138062]
[0.00019389]
[0.00017733]
[-0.00547789]
[0.00019389]
[0.00017733]
[0.00300027]
[0.00017733]
[0.00022674]
[-0.00547789]
[0.00017733]
[0.00017733]
[0.00017733]
[-0.00547789]
[0.00048161]
