[8.400489e-05]
[8.400489e-05]
[0.00023124]
[-0.00088925]
[5.7709985e-05]
[-0.00046495]
[8.400489e-05]
[5.338149e-05]
[0.00015586]
[8.400489e-05]
[0.00089912]
[0.00176053]
[8.400489e-05]
[8.400489e-05]
[0.00053684]
[0.00016437]
[8.400489e-05]
[8.400489e-05]
[8.400489e-05]
[0.00176053]
[0.00019108]
[8.400489e-05]
[8.400489e-05]
[-0.00052756]
[8.400489e-05]
[8.400489e-05]
[0.00097948]
[8.400489e-05]
[8.400489e-05]
[0.00089912]
[8.400489e-05]
[8.400489e-05]
[-0.00052087]
[0.00010578]
[8.400489e-05]
[8.400489e-05]
[8.400489e-05]
[0.00192699]
[0.00023124]
[0.00519985]
[0.00192699]
[8.400489e-05]
[0.00884353]
[-0.00052734]
[0.00020134]
[0.00327237]
[8.400489e-05]
[8.400489e-05]
[0.00017902]
[8.400489e-05]
[-0.00052734]
[8.400489e-05]
[0.00086]
[8.400489e-05]
[8.400489e-05]
[-7.62071e-05]
[8.400489e-05]
[8.400489e-05]
[8.400489e-05]
[-0.00250007]
[-0.00052734]
[1.1356722e-05]
[8.400489e-05]
[0.00086]
[0.00317053]
[-0.00172451]
[0.00025045]
[0.0029079]
[8.400489e-05]
[0.00051073]
[0.00069647]
[-0.00052734]
[8.400489e-05]
[8.400489e-05]
[8.400489e-05]
[8.400489e-05]
[8.400489e-05]
[0.00123673]
[0.0132384]
[8.400489e-05]
[0.00017902]
[-0.00183897]
[0.00091044]
[8.400489e-05]
[8.400489e-05]
[8.400489e-05]
[8.400489e-05]
[0.00086]
[8.400489e-05]
[8.400489e-05]
[-0.01186472]
[-0.00256077]
[8.400489e-05]
[0.00053684]
[8.400489e-05]
[8.400489e-05]
[8.400489e-05]
[8.400489e-05]
[8.400489e-05]
[8.400489e-05]
[8.400489e-05]
[-0.00067915]
[8.400489e-05]
[0.00222892]
[8.400489e-05]
[8.400489e-05]
[8.400489e-05]
[8.400489e-05]
[0.00025045]
[0.00222892]
[8.400489e-05]
[8.400489e-05]
[8.400489e-05]
[8.400489e-05]
[0.00020393]
[8.400489e-05]
[8.400489e-05]
[6.0776132e-05]
[0.00098598]
[8.400489e-05]
[8.400489e-05]
[8.400489e-05]
[0.00327237]
[8.400489e-05]
[8.400489e-05]
[8.400489e-05]
[8.400489e-05]
[0.00122511]
[8.400489e-05]
[8.400489e-05]
[0.00025322]
[-7.4990094e-06]
[8.400489e-05]
[8.400489e-05]
[-0.00396236]
[-0.00183897]
[8.400489e-05]
[8.400489e-05]
[8.400489e-05]
[8.400489e-05]
[0.00020134]
[0.00122511]
[8.400489e-05]
[0.00066087]
[0.00012618]
[8.400489e-05]
[-0.00071143]
[8.400489e-05]
[8.400489e-05]
[8.400489e-05]
[-0.00880088]
[0.00012618]
[8.400489e-05]
[-0.00542427]
[8.400489e-05]
[8.400489e-05]
[8.400489e-05]
[8.400489e-05]
[0.0017791]
[8.400489e-05]
[8.400489e-05]
[8.400489e-05]
[8.400489e-05]
[-0.00250007]
[0.00012618]
[8.400489e-05]
[8.400489e-05]
[8.400489e-05]
[8.400489e-05]
[-0.00201828]
[8.400489e-05]
[8.400489e-05]
[1.1356722e-05]
[8.400489e-05]
[0.00109904]
[8.400489e-05]
[8.400489e-05]
[8.400489e-05]
[8.400489e-05]
[0.00317053]
[0.00123673]
[8.400489e-05]
[8.400489e-05]
[8.400489e-05]
[-0.00129383]
[0.00020393]
[0.00069647]
[8.400489e-05]
[8.400489e-05]
[8.400489e-05]
[-0.00052734]
[8.400489e-05]
[8.400489e-05]
[8.400489e-05]
[-0.00565783]
[8.400489e-05]
[-0.00070677]
[8.400489e-05]
[-0.00201828]
[8.400489e-05]
[8.400489e-05]
[8.400489e-05]
[8.400489e-05]
[0.00015267]
[8.400489e-05]
[8.400489e-05]
[-0.01245451]
[8.400489e-05]
[8.400489e-05]
[8.400489e-05]
[-0.00395304]
[8.400489e-05]
[0.00727793]
[8.400489e-05]
[0.00029787]
[8.400489e-05]
[8.400489e-05]
[8.400489e-05]
[0.00231134]
[0.00261417]
[0.00019567]
[8.400489e-05]
[-0.00129525]
[-1.8481922e-05]
[8.400489e-05]
[-0.00077326]
[8.400489e-05]
[0.00097618]
[8.400489e-05]
[8.400489e-05]
[0.00020502]
[-0.00107742]
[0.00180364]
[8.400489e-05]
[8.400489e-05]
[8.400489e-05]
[8.400489e-05]
[-0.00061665]
[0.00043541]
[8.400489e-05]
[8.400489e-05]
[8.400489e-05]
[8.400489e-05]
[8.400489e-05]
[8.400489e-05]
[0.00064739]
[0.00093884]
[-0.00096803]
[8.400489e-05]
[0.00074154]
[8.400489e-05]
[8.400489e-05]
[-0.00395304]
[8.400489e-05]
[8.400489e-05]
[0.00043044]
[0.00103493]
[8.400489e-05]
[8.400489e-05]
[8.400489e-05]
[-0.00188965]
[8.400489e-05]
[8.400489e-05]
[8.400489e-05]
[0.00032439]
[8.400489e-05]
[8.400489e-05]
[8.400489e-05]
[8.400489e-05]
[0.00024853]
[8.400489e-05]
[0.00103493]
[8.400489e-05]
[0.00494538]
[8.400489e-05]
[-0.00102715]
[-0.00521828]
[8.400489e-05]
[0.00093884]
[8.400489e-05]
[8.400489e-05]
[0.00015267]
[8.400489e-05]
[0.00261417]
[8.400489e-05]
[8.400489e-05]
[0.00020502]
[8.400489e-05]
[8.400489e-05]
[-0.00074432]
[0.00089912]
[8.400489e-05]
[8.400489e-05]
[8.400489e-05]
[8.400489e-05]
[8.400489e-05]
[8.400489e-05]
[8.400489e-05]
[8.400489e-05]
[8.400489e-05]
[-0.00061466]
[8.400489e-05]
[8.400489e-05]
[8.400489e-05]
[8.400489e-05]
[8.400489e-05]
[8.400489e-05]
[8.400489e-05]
[8.400489e-05]
[8.400489e-05]
[-0.00521828]
[8.400489e-05]
[8.400489e-05]
[-0.01245451]
[0.00074743]
[0.00015267]
[8.400489e-05]
[0.00093884]
[8.400489e-05]
[0.00060484]
[8.400489e-05]
[-0.00395304]
[0.00013559]
[-0.00521828]
[0.00231134]
[8.400489e-05]
[0.00559921]
[0.00052442]
[0.00494538]
[0.00727793]
[-0.00216934]
[8.400489e-05]
[-0.00162671]
[8.400489e-05]
[-0.00395304]
[8.400489e-05]
[8.400489e-05]
[0.00494538]
[8.400489e-05]
[-0.0011046]
[8.400489e-05]
[6.0983177e-05]
[0.00097618]
[0.00043314]
[8.400489e-05]
[-0.00073797]
[8.400489e-05]
[-0.00061466]
[-0.00144552]
[8.400489e-05]
[-0.00803901]
[-0.00584357]
[8.400489e-05]
[8.400489e-05]
[0.00191611]
[-0.00102715]
[-0.00102715]
[-0.00216934]
[0.00043314]
[8.400489e-05]
[8.400489e-05]
[0.00559921]
[-0.01245451]
[-0.00012831]
[8.400489e-05]
[8.400489e-05]
[-0.00061665]
[8.400489e-05]
[8.400489e-05]
[0.00032439]
[-2.3409491e-05]
[0.0013225]
[8.400489e-05]
[8.400489e-05]
[8.400489e-05]
[8.400489e-05]
[0.00037627]
[8.400489e-05]
[8.082506e-05]
[8.400489e-05]
[0.00273535]
[8.400489e-05]
[8.400489e-05]
[8.400489e-05]
[8.400489e-05]
[8.400489e-05]
[0.00180348]
[8.400489e-05]
[8.400489e-05]
[8.400489e-05]
[0.0053178]
[8.400489e-05]
[8.400489e-05]
[0.00266345]
[0.00266345]
[8.400489e-05]
[8.400489e-05]
[0.00037627]
[8.400489e-05]
[0.00221747]
[8.400489e-05]
[-0.00023246]
[8.400489e-05]
[8.400489e-05]
[8.400489e-05]
[0.00010735]
[8.5181906e-05]
[8.400489e-05]
[0.00016437]
[8.400489e-05]
[0.00235273]
[8.400489e-05]
[0.00269694]
[8.400489e-05]
[8.400489e-05]
[0.00016437]
[8.400489e-05]
[8.400489e-05]
[8.400489e-05]
[8.400489e-05]
[0.00016437]
[8.400489e-05]
[1.1356722e-05]
[8.400489e-05]
[0.00231431]
[0.00025322]
[8.400489e-05]
[0.00016567]
[8.400489e-05]
[8.400489e-05]
[0.00025322]
[8.400489e-05]
[1.1356722e-05]
[8.400489e-05]
[8.082506e-05]
[0.00067706]
[0.00044032]
[-0.00141448]
[0.00272583]
[8.400489e-05]
[8.400489e-05]
[0.00121271]
[0.00048281]
[8.400489e-05]
[8.400489e-05]
[8.400489e-05]
[8.400489e-05]
[0.00304555]
[0.00011295]
[8.400489e-05]
[8.400489e-05]
[0.00044032]
[8.400489e-05]
[0.00010066]
[0.00098316]
[0.00016437]
[8.082506e-05]
[8.400489e-05]
[1.1356722e-05]
[8.400489e-05]
[-0.00038087]
[8.400489e-05]
[0.00273535]
[0.00028725]
[-0.00326578]
[8.400489e-05]
[8.400489e-05]
[0.00029043]
[8.400489e-05]
[8.400489e-05]
[8.400489e-05]
[8.400489e-05]
[0.00180348]
[0.00025322]
[0.00013178]
[8.400489e-05]
[0.00011295]
[0.00482883]
[-0.00068741]
[8.400489e-05]
[0.00012813]
[0.00012813]
[-0.00068741]
[8.400489e-05]
[8.400489e-05]
[8.400489e-05]
[0.00231431]
[-2.2371183e-05]
[8.400489e-05]
[-0.00258504]
[8.400489e-05]
[0.00020029]
[8.400489e-05]
[0.00016437]
[0.00025322]
[8.400489e-05]
[8.400489e-05]
[8.400489e-05]
[8.400489e-05]
[8.400489e-05]
[0.00011295]
[-0.00038087]
[8.400489e-05]
[8.400489e-05]
[8.400489e-05]
[8.400489e-05]
[8.5181906e-05]
[0.00037627]
[8.400489e-05]
[0.00044032]
[8.400489e-05]
[8.400489e-05]
[8.400489e-05]
[0.00089912]
[8.400489e-05]
[8.400489e-05]
[8.400489e-05]
[8.400489e-05]
[1.1356722e-05]
[8.400489e-05]
[8.400489e-05]
[8.400489e-05]
[0.00010066]
[8.400489e-05]
[1.1356722e-05]
[0.00025322]
[0.00265467]
[8.400489e-05]
[8.400489e-05]
[0.00016437]
[8.400489e-05]
[8.400489e-05]
[0.00221747]
[-0.00296634]
[-0.00141448]
[8.400489e-05]
[8.400489e-05]
[0.00034238]
[-8.829776e-05]
[0.00159684]
[-0.00038087]
[-0.00415244]
[9.023899e-05]
[0.00024166]
[0.00018523]
[0.00098598]
[8.400489e-05]
[8.400489e-05]
[0.00073386]
[8.400489e-05]
[8.400489e-05]
[-0.00309835]
[8.400489e-05]
[8.400489e-05]
[0.00184487]
[8.400489e-05]
[0.00016437]
[0.00014897]
[0.00107457]
[-0.0013472]
[-0.00092084]
[-0.01604849]
[-0.00175788]
[0.00048709]
[-0.0099308]
[-0.00568515]
[0.00012086]
[0.00018523]
[-0.00049988]
[8.400489e-05]
[0.00017877]
[8.400489e-05]
[0.00681363]
[0.0010503]
[-0.00055418]
[8.400489e-05]
[8.400489e-05]
[8.400489e-05]
[-0.00591352]
[8.400489e-05]
[8.400489e-05]
[-0.00115965]
[0.00286627]
[0.00183133]
[0.00035735]
[-0.00568515]
[8.400489e-05]
[0.00028038]
[0.00183133]
[0.00030679]
[0.00012086]
[-0.00087326]
[0.00036417]
[8.400489e-05]
[8.400489e-05]
[0.00036417]
[0.00183133]
[-0.00309835]
[-0.00146889]
[8.400489e-05]
[0.00475274]
[0.00115738]
[0.00066087]
[8.400489e-05]
[8.400489e-05]
[8.400489e-05]
[-0.00162207]
[8.400489e-05]
[8.400489e-05]
[8.400489e-05]
[0.00076795]
[0.00141895]
[0.00937347]
[8.400489e-05]
[0.00028038]
[0.00937347]
[0.00107457]
[8.400489e-05]
[8.400489e-05]
[0.00018523]
[8.400489e-05]
[8.400489e-05]
[8.400489e-05]
[-0.00058019]
[8.400489e-05]
[8.400489e-05]
[8.400489e-05]
[8.400489e-05]
[-0.00049988]
[0.00104007]
[-0.00087326]
[-0.00175788]
[0.00016437]
[0.00053684]
[-0.00055418]
[8.400489e-05]
[-0.00209166]
[0.00184487]
[8.400489e-05]
[8.400489e-05]
[-0.0099308]
[0.00286627]
[0.00681363]
[-0.00044968]
[8.400489e-05]
[-0.00162207]
[0.00021835]
[8.400489e-05]
[0.00025028]
[8.400489e-05]
[-0.00055418]
[8.400489e-05]
[0.00021835]
[8.400489e-05]
[0.00073386]
[8.400489e-05]
[0.00016437]
[8.400489e-05]
[0.00098598]
[8.400489e-05]
[8.400489e-05]
[8.400489e-05]
[8.400489e-05]
[0.00059011]
[8.400489e-05]
[8.400489e-05]
[8.400489e-05]
[0.00286627]
[0.00025028]
[-0.00130998]
[-0.00087326]
[0.0002958]
[-0.00061466]
[9.295775e-05]
[-0.00415244]
[0.00681363]
[0.00073386]
[0.00014897]
[8.400489e-05]
[0.00076795]
[0.00027297]
[-0.00212617]
[0.00027297]
[0.00293842]
[8.400489e-05]
[8.400489e-05]
[0.00027297]
[0.00017956]
[8.400489e-05]
[8.400489e-05]
[8.400489e-05]
[0.00048085]
[9.023899e-05]
[0.00048085]
[-0.00568515]
[0.00048085]
[8.400489e-05]
[8.400489e-05]
[0.00024166]
[8.400489e-05]
[8.400489e-05]
[8.400489e-05]
[0.00024166]
[0.00098598]
[8.400489e-05]
[0.00176053]
[-0.00052756]
[8.400489e-05]
[8.400489e-05]
[0.00280942]
[8.400489e-05]
[0.0002071]
[8.400489e-05]
[8.400489e-05]
[8.400489e-05]
[8.400489e-05]
[8.400489e-05]
[0.00012419]
[8.400489e-05]
[-0.00559293]
[8.400489e-05]
[8.400489e-05]
[-0.00744214]
[0.00352399]
[0.00187409]
[8.400489e-05]
[8.400489e-05]
[0.00140234]
[8.400489e-05]
[8.400489e-05]
[8.400489e-05]
[0.00042997]
[-0.00052756]
[8.400489e-05]
[8.400489e-05]
[8.400489e-05]
[8.400489e-05]
[0.00352399]
[8.400489e-05]
[0.00140234]
[-0.00744214]
[0.00160639]
[8.400489e-05]
[0.00053684]
[8.400489e-05]
[8.400489e-05]
[8.400489e-05]
[8.400489e-05]
[8.400489e-05]
[8.400489e-05]
[8.400489e-05]
[0.00076807]
[-7.4990094e-06]
[8.400489e-05]
[8.400489e-05]
[0.00032883]
[8.400489e-05]
[8.400489e-05]
[8.400489e-05]
[0.00090065]
[8.400489e-05]
[0.00032603]
[-0.01321229]
[0.00253125]
[8.400489e-05]
[-0.00559293]
[-0.00120526]
[0.00016437]
[8.400489e-05]
[8.400489e-05]
[8.400489e-05]
[0.00021835]
[-0.00021316]
[-0.00120526]
[8.400489e-05]
[-0.00062896]
[0.00032883]
[8.400489e-05]
[-0.00062896]
[-0.00559293]
[0.00053684]
[8.400489e-05]
[8.400489e-05]
[-0.00120526]
[8.400489e-05]
[8.400489e-05]
[8.400489e-05]
[8.400489e-05]
[8.400489e-05]
[8.400489e-05]
[8.400489e-05]
[8.400489e-05]
[-0.00058302]
[-0.00616961]
[0.00093858]
[8.400489e-05]
[8.400489e-05]
[8.400489e-05]
[8.400489e-05]
[8.400489e-05]
[8.400489e-05]
[8.400489e-05]
[8.400489e-05]
[0.00025322]
[8.400489e-05]
[8.400489e-05]
[0.00202099]
[-0.00559293]
[8.400489e-05]
[0.01190314]
[8.400489e-05]
[-0.00539645]
[8.400489e-05]
[8.400489e-05]
[8.400489e-05]
[8.400489e-05]
[8.400489e-05]
[0.0005619]
[8.400489e-05]
[8.400489e-05]
[8.400489e-05]
[-0.00010656]
[-0.00145017]
[8.400489e-05]
[8.400489e-05]
[8.400489e-05]
[8.400489e-05]
[0.00423182]
[0.00016437]
[8.400489e-05]
[8.400489e-05]
[8.400489e-05]
[8.400489e-05]
[-1.2493227e-05]
[-0.00508321]
[8.400489e-05]
[-0.00150689]
[8.400489e-05]
[8.400489e-05]
[8.400489e-05]
[8.400489e-05]
[8.400489e-05]
[8.400489e-05]
[8.400489e-05]
[-1.2493227e-05]
[8.400489e-05]
[-0.00508321]
[8.400489e-05]
[8.400489e-05]
[0.00151942]
[8.400489e-05]
[0.00014502]
[8.400489e-05]
[-0.00744214]
[8.400489e-05]
[8.400489e-05]
[8.400489e-05]
[8.400489e-05]
[8.400489e-05]
[-7.4990094e-06]
[8.400489e-05]
[0.0002071]
[8.400489e-05]
[-7.4990094e-06]
[8.400489e-05]
[0.00032883]
[0.00053684]
[0.00140234]
[0.00090065]
[8.400489e-05]
[0.00042997]
[-0.00107742]
[8.400489e-05]
[0.00043044]
[0.00121271]
[8.400489e-05]
[0.00033612]
[8.400489e-05]
[8.400489e-05]
[0.00086]
[8.400489e-05]
[0.00018523]
[0.00033612]
[0.00159083]
[-0.00027053]
[0.00223827]
[0.00141956]
[-0.00115798]
[-5.486625e-05]
[8.400489e-05]
[0.00434784]
[0.00021586]
[0.00515914]
[0.00049811]
[8.400489e-05]
[-0.0003392]
[0.00066087]
[8.400489e-05]
[0.00033612]
[8.400489e-05]
[8.400489e-05]
[0.00141956]
[8.400489e-05]
[8.400489e-05]
[8.400489e-05]
[8.400489e-05]
[8.400489e-05]
[8.400489e-05]
[8.400489e-05]
[0.00367888]
[8.400489e-05]
[0.00018523]
[8.400489e-05]
[0.01224775]
[8.400489e-05]
[-0.00040406]
[6.9400994e-06]
[8.400489e-05]
[8.400489e-05]
[8.400489e-05]
[-0.00013766]
[-0.00040406]
[0.00190429]
[0.00021586]
[-0.00236062]
[1.1356722e-05]
[0.00075159]
[8.400489e-05]
[0.00060527]
[0.00066087]
[0.00064739]
[8.400489e-05]
[8.400489e-05]
[8.400489e-05]
[0.00011986]
[-0.0003392]
[0.0011921]
[-0.00011222]
[8.400489e-05]
[8.400489e-05]
[8.400489e-05]
[8.400489e-05]
[8.400489e-05]
[8.400489e-05]
[8.400489e-05]
[1.1356722e-05]
[8.400489e-05]
[8.400489e-05]
[8.400489e-05]
[0.00159083]
[8.400489e-05]
[8.400489e-05]
[8.400489e-05]
[-0.00102246]
[8.400489e-05]
[8.400489e-05]
[8.400489e-05]
[-0.00036337]
[8.400489e-05]
[0.00179271]
[8.400489e-05]
[8.400489e-05]
[0.00110907]
[8.400489e-05]
[8.400489e-05]
[0.00022391]
[0.00034398]
[0.0007644]
[0.00205916]
[8.400489e-05]
[8.400489e-05]
[0.00156048]
[0.00023865]
[-3.2995362e-05]
[-0.00036337]
[0.00066087]
[1.1356722e-05]
[0.00098598]
[8.400489e-05]
[8.400489e-05]
[8.400489e-05]
[8.400489e-05]
[0.0007644]
[8.400489e-05]
[8.400489e-05]
[0.00011986]
[0.00141956]
[8.400489e-05]
[8.400489e-05]
[0.00159083]
[0.00022391]
[8.400489e-05]
[8.400489e-05]
[6.9400994e-06]
[0.00089381]
[8.400489e-05]
[0.00043044]
[8.400489e-05]
[8.400489e-05]
[8.400489e-05]
[-0.00123281]
[0.00434784]
[0.00011986]
[8.400489e-05]
[8.400489e-05]
[8.400489e-05]
[8.400489e-05]
[0.00019108]
[8.400489e-05]
[-0.00113602]
[0.00066087]
[8.400489e-05]
[1.1356722e-05]
[0.00066087]
[8.400489e-05]
[8.400489e-05]
[-0.00115798]
[8.400489e-05]
[0.00069175]
[0.00288268]
[-8.389109e-05]
[8.400489e-05]
[8.400489e-05]
[0.00179271]
[8.400489e-05]
[8.400489e-05]
[8.212775e-05]
[8.400489e-05]
[0.00033612]
[0.00019108]
[0.00019108]
[0.00156048]
[-0.00115798]
[0.00034398]
[8.400489e-05]
[8.400489e-05]
[0.00098598]
[-0.00123281]
[-0.00040406]
[8.400489e-05]
[8.400489e-05]
[-0.00197569]
[0.00131135]
[0.00797291]
[0.00021835]
[0.00077881]
[8.400489e-05]
[0.00033613]
[9.013701e-05]
[0.00025322]
[-0.00281625]
[8.400489e-05]
[-0.00095045]
[8.400489e-05]
[8.400489e-05]
[8.400489e-05]
[0.00025028]
[-0.00232193]
[0.00025028]
[8.400489e-05]
[0.0060517]
[8.400489e-05]
[0.00287671]
[8.400489e-05]
[0.00052982]
[0.00066087]
[8.400489e-05]
[0.00053684]
[0.00076173]
[9.013701e-05]
[0.00280276]
[1.1356722e-05]
[8.400489e-05]
[8.400489e-05]
[0.00026914]
[-0.00408316]
[-0.00393283]
[-0.00193032]
[-0.00025907]
[-0.00393283]
[-0.00245046]
[8.400489e-05]
[8.400489e-05]
[-0.00049286]
[0.00052982]
[-0.00037391]
[8.400489e-05]
[8.400489e-05]
[8.400489e-05]
[8.400489e-05]
[0.0060517]
[-0.00393283]
[8.400489e-05]
[0.00280276]
[0.00117753]
[8.400489e-05]
[0.00012953]
[8.400489e-05]
[0.00085323]
[0.00100759]
[8.400489e-05]
[8.400489e-05]
[0.00025028]
[9.013701e-05]
[8.400489e-05]
[8.400489e-05]
[8.400489e-05]
[0.00066087]
[0.00062096]
[8.400489e-05]
[0.00479987]
[0.00118187]
[-0.00408316]
[-0.00172673]
[8.400489e-05]
[0.01200992]
[0.00098244]
[8.400489e-05]
[0.00044171]
[-0.00054653]
[-0.00563096]
[0.00469714]
[-0.00054492]
[8.400489e-05]
[-0.00272658]
[8.400489e-05]
[-0.00054492]
[8.400489e-05]
[0.00040197]
[-0.00197569]
[0.00021515]
[0.00053684]
[0.00131135]
[8.400489e-05]
[8.400489e-05]
[8.400489e-05]
[0.00232613]
[8.400489e-05]
[8.400489e-05]
[0.00033597]
[0.00287671]
[8.400489e-05]
[8.400489e-05]
[8.400489e-05]
[0.0003216]
[8.400489e-05]
[0.00052982]
[8.400489e-05]
[8.400489e-05]
[8.400489e-05]
[8.400489e-05]
[-0.0070423]
[0.00069269]
[8.400489e-05]
[8.400489e-05]
[8.400489e-05]
[0.0029548]
[0.00479987]
[0.00069269]
[-0.00193032]
[8.400489e-05]
[0.00098598]
[8.400489e-05]
[8.400489e-05]
[0.00021835]
[-0.00124361]
[8.400489e-05]
[-0.00221811]
[0.00053684]
[8.400489e-05]
[0.00012953]
[8.400489e-05]
[0.00012953]
[0.00064945]
[-0.01040538]
[-5.6379708e-05]
[0.00118187]
[8.400489e-05]
[0.00353862]
[8.400489e-05]
[8.400489e-05]
[8.400489e-05]
[0.00033613]
[0.00280276]
[-0.00124361]
[0.00043033]
[8.400489e-05]
[8.400489e-05]
[0.00232613]
[-0.00031671]
[0.00287671]
[8.400489e-05]
[0.00469714]
[8.400489e-05]
[-0.00124361]
[8.400489e-05]
[8.400489e-05]
[0.00052244]
[1.1356722e-05]
[8.400489e-05]
[8.400489e-05]
[0.00034398]
[0.00280276]
[0.00117682]
[8.400489e-05]
[0.00258707]
[0.00098598]
[0.00018523]
[8.400489e-05]
[8.400489e-05]
[-4.7080684e-06]
[1.7825048e-05]
[0.00021835]
[0.00015399]
[-0.00052653]
[8.400489e-05]
[8.400489e-05]
[8.400489e-05]
[8.400489e-05]
[8.400489e-05]
[0.00015399]
[0.00204669]
[0.00027855]
[8.804561e-05]
[0.00130052]
[8.400489e-05]
[0.00162685]
[8.400489e-05]
[-0.00079656]
[-0.00029592]
[0.00370469]
[8.400489e-05]
[8.400489e-05]
[-0.00048837]
[0.0010444]
[0.00039495]
[0.00016437]
[0.00021835]
[0.00045532]
[8.400489e-05]
[8.400489e-05]
[0.00411673]
[-0.00308888]
[-0.00803901]
[-0.00219914]
[0.00810953]
[0.00741196]
[1.1356722e-05]
[8.400489e-05]
[-0.00037093]
[0.00752182]
[0.00185951]
[8.400489e-05]
[0.0034787]
[-0.0012137]
[0.00015399]
[-0.00029592]
[8.400489e-05]
[8.400489e-05]
[0.00019114]
[-0.00048837]
[8.400489e-05]
[8.400489e-05]
[8.400489e-05]
[8.400489e-05]
[8.400489e-05]
[-0.00062419]
[0.00019108]
[0.00043044]
[1.7825048e-05]
[8.400489e-05]
[8.400489e-05]
[-0.00048837]
[-0.00022405]
[8.400489e-05]
[8.400489e-05]
[-0.00107092]
[0.00741196]
[0.00748265]
[8.400489e-05]
[0.00034108]
[0.00097618]
[0.00043044]
[0.00603892]
[-0.00110404]
[0.00024044]
[-0.00022405]
[-0.00052653]
[0.00370469]
[0.00018373]
[8.400489e-05]
[8.400489e-05]
[0.00199489]
[0.00748265]
[8.400489e-05]
[-0.00029592]
[0.00043347]
[8.400489e-05]
[-0.00101693]
[8.400489e-05]
[0.00025045]
[0.00167999]
[8.400489e-05]
[8.400489e-05]
[8.400489e-05]
[1.1356722e-05]
[0.00024044]
[8.400489e-05]
[8.400489e-05]
[8.701801e-05]
[8.400489e-05]
[-0.00407411]
[8.400489e-05]
[1.1356722e-05]
[-0.00079656]
[8.400489e-05]
[0.00045532]
[-0.00219914]
[-0.0014944]
[-0.00022405]
[6.1406055e-05]
[8.400489e-05]
[8.400489e-05]
[-0.00289809]
[8.400489e-05]
[0.00021835]
[-0.00037093]
[0.00075398]
[1.1356722e-05]
[8.701801e-05]
[0.00044979]
[0.00039495]
[0.00015399]
[1.1356722e-05]
[0.00021835]
[8.400489e-05]
[-7.4990094e-06]
[0.00015399]
[0.00167999]
[0.00828444]
[0.00018373]
[-0.00052653]
[0.00084663]
[0.0010444]
[0.00027855]
[0.00043044]
[0.00027855]
[0.00147903]
[0.00130052]
[-0.0012137]
[1.7825048e-05]
[0.00062103]
[-0.00065001]
[0.00752182]
[0.00018373]
[8.400489e-05]
[8.400489e-05]
[0.00034359]
[-0.00079656]
[0.00603892]
[0.00025045]
[-0.00052653]
[8.400489e-05]
[0.00828444]
[8.400489e-05]
[-7.4990094e-06]
[8.400489e-05]
[4.8585935e-06]
[0.00018523]
[8.400489e-05]
[0.00047114]
[8.400489e-05]
[0.00155545]
[0.00018523]
[0.00024961]
[8.400489e-05]
[8.400489e-05]
[-0.00014387]
[-0.00118718]
[8.400489e-05]
[0.00025045]
[0.00673525]
[-0.0037965]
[0.00047114]
[0.00200673]
[8.400489e-05]
[8.400489e-05]
[8.400489e-05]
[8.400489e-05]
[0.00016437]
[0.00257825]
[8.400489e-05]
[8.400489e-05]
[8.400489e-05]
[-7.4990094e-06]
[8.400489e-05]
[8.400489e-05]
[0.00025045]
[8.400489e-05]
[0.00012953]
[8.400489e-05]
[8.400489e-05]
[8.400489e-05]
[-0.00346824]
[0.00018523]
[0.00090065]
[0.00016437]
[0.00373516]
[0.00127659]
[8.400489e-05]
[8.400489e-05]
[8.400489e-05]
[0.00062321]
[8.400489e-05]
[0.00519766]
[8.400489e-05]
[-0.00491697]
[-5.8001548e-05]
[8.400489e-05]
[0.00074743]
[8.400489e-05]
[8.400489e-05]
[8.400489e-05]
[8.400489e-05]
[8.400489e-05]
[8.400489e-05]
[8.400489e-05]
[0.00218106]
[8.400489e-05]
[8.400489e-05]
[8.400489e-05]
[0.00373516]
[8.400489e-05]
[8.213852e-05]
[8.400489e-05]
[8.400489e-05]
[8.400489e-05]
[8.400489e-05]
[0.00257825]
[8.400489e-05]
[0.00098598]
[-0.00334708]
[8.400489e-05]
[8.400489e-05]
[0.00155545]
[8.400489e-05]
[4.8585935e-06]
[0.00326583]
[8.400489e-05]
[8.400489e-05]
[8.400489e-05]
[8.400489e-05]
[8.400489e-05]
[0.00309773]
[8.400489e-05]
[8.400489e-05]
[-0.00172451]
[0.00074743]
[-0.00491697]
[0.00269043]
[8.400489e-05]
[0.00257825]
[8.400489e-05]
[0.00012953]
[8.400489e-05]
[0.00098598]
[8.400489e-05]
[0.00074743]
[8.400489e-05]
[8.400489e-05]
[0.00127659]
[-0.0017099]
[3.140251e-05]
[0.00022769]
[0.00673525]
[8.400489e-05]
[0.00548538]
[8.400489e-05]
[8.400489e-05]
[8.400489e-05]
[-0.00118718]
[8.400489e-05]
[0.00127659]
[0.00062321]
[0.00423918]
[8.400489e-05]
[8.400489e-05]
[8.400489e-05]
[8.400489e-05]
[-0.00491697]
[0.00200673]
[8.400489e-05]
[0.00034398]
[8.400489e-05]
[8.400489e-05]
[8.400489e-05]
[8.400489e-05]
[0.00012953]
[-0.0017099]
[8.400489e-05]
[8.400489e-05]
[4.8585935e-06]
[8.400489e-05]
[8.400489e-05]
[8.400489e-05]
[0.00024961]
[8.400489e-05]
[8.400489e-05]
[8.400489e-05]
[0.00090729]
[8.400489e-05]
[8.400489e-05]
[0.00522716]
[0.01320866]
[0.00373516]
[8.400489e-05]
[4.8585935e-06]
[8.400489e-05]
[8.400489e-05]
[8.400489e-05]
[0.0016047]
[8.400489e-05]
[8.400489e-05]
[0.00074902]
[0.00074902]
[0.00704053]
[0.00074337]
[0.00031636]
[0.00704053]
[0.00394115]
[8.400489e-05]
[-0.02128156]
[-0.02128156]
[0.00074902]
[-0.00315063]
[-0.00315063]
[-0.00125716]
[0.00038736]
[0.00074013]
[8.400489e-05]
[0.00951012]
[0.00074902]
[0.00112841]
[0.00088171]
[0.00088171]
[0.00704053]
[0.00100135]
[0.00074013]
[-0.00175087]
[0.00201743]
[0.00074902]
[0.00074337]
[0.00434309]
[0.00434309]
[0.00100135]
[0.00112841]
[0.00038736]
[0.00074902]
[0.00019823]
[-0.00125716]
[0.00019823]
[0.00100135]
[0.00074013]
[0.00038736]
[0.00019823]
[0.00074902]
[-0.00315063]
[0.00100135]
[0.00112841]
[-0.00175087]
[0.00951012]
[-0.02128156]
[0.00074902]
[0.00074013]
[0.00100135]
[0.00021249]
[-0.00315063]
[0.00074013]
[0.00237385]
[0.00725709]
[0.00021249]
[0.00704053]
[0.00074902]
[0.00100135]
[0.00201743]
[0.00038736]
[-0.00315063]
[0.00078025]
[8.400489e-05]
[0.00027776]
[0.00242366]
[8.400489e-05]
[0.00011944]
[0.00010749]
[0.00011944]
[0.00406994]
[8.400489e-05]
[8.400489e-05]
[0.00406994]
[0.00078025]
[0.00010749]
[0.00011944]
[0.00212197]
[-0.00026628]
[0.00078025]
[0.00271712]
[0.00296183]
[0.00011944]
[0.00242366]
[0.00296183]
[-0.00170089]
[8.400489e-05]
[0.00406994]
[0.00357652]
[-0.00026628]
[8.400489e-05]
[8.400489e-05]
[0.00010749]
[0.00357652]
[0.00271712]
[0.00438172]
[0.00438172]
[8.400489e-05]
[0.00078025]
[0.00438172]
[0.00078025]
[0.00027776]
[0.00078025]
[0.00011944]
[-0.00026628]
[0.00212197]
[0.00357652]
[0.00212197]
[0.00011944]
[0.00027776]
[0.00011944]
[0.00296183]
[8.400489e-05]
[0.00406994]
[0.00242366]
[-0.0010331]
[-0.0010331]
[0.00027776]
[-0.00109416]
[0.00271712]
[0.00027776]
[0.00242366]
[0.00027776]
[8.400489e-05]
[0.00212197]
[-0.00026628]
[0.00010749]
[0.00357652]
[0.00212197]
[8.400489e-05]
[0.00406994]
[0.00103779]
[0.00103779]
[0.00038685]
[0.00227023]
[-0.00073342]
[0.00105618]
[-0.00358764]
[-0.00138086]
[-0.00238524]
[0.00144222]
[8.400489e-05]
[-0.00238524]
[-0.00369417]
[0.00103779]
[-0.00138086]
[0.00103779]
[-0.00689604]
[-0.00154544]
[0.00103779]
[-0.00689604]
[-0.00369417]
[0.01245133]
[0.00021169]
[0.00144222]
[-0.00154544]
[0.00026516]
[0.00026516]
[-0.00073342]
[-0.00689604]
[0.00227023]
[8.400489e-05]
[8.400489e-05]
[-0.00238524]
[0.00144222]
[-0.00238524]
[0.00064317]
[-0.00154544]
[0.00064317]
[0.01245133]
[-0.00154544]
[0.00026516]
[0.00144222]
[-0.00121776]
[-0.00121776]
[0.00103779]
[-0.00689604]
[-0.00154544]
[-0.00073342]
[0.00038685]
[-0.00369417]
[0.00064317]
[-0.00154544]
[-0.00358764]
[0.00103779]
[-0.00689604]
[-0.00358764]
[-0.00841462]
[-0.00238524]
[-0.00138086]
[0.00026516]
[0.00026516]
[0.00038685]
[-0.00138086]
[-0.00073342]
[0.00019214]
[0.00021169]
[-0.00238524]
[-0.00138086]
[0.00103779]
[0.00019214]
[0.00064317]
[-0.00841462]
[8.400489e-05]
[0.00019497]
[0.00103779]
[0.00026516]
[-0.00190354]
[-0.00358764]
[-0.00238524]
[0.00019214]
[-0.00121776]
[0.01245133]
[0.00745569]
[0.00489386]
[-0.00034408]
[0.00183854]
[5.7838683e-05]
[1.1356722e-05]
[0.00107623]
[0.01767785]
[0.00107623]
[8.400489e-05]
[0.00107623]
[0.00107623]
[8.400489e-05]
[8.400489e-05]
[-0.00014677]
[-0.00054653]
[-0.00298334]
[-0.00315578]
[-0.00034408]
[8.400489e-05]
[0.00046859]
[-0.00034408]
[0.00183854]
[0.00745569]
[-0.00014677]
[8.400489e-05]
[0.003695]
[-0.00315578]
[0.003695]
[0.01767785]
[8.400489e-05]
[5.7838683e-05]
[0.00200389]
[0.00107623]
[0.00193911]
[0.00193911]
[0.00259685]
[8.400489e-05]
[5.7838683e-05]
[-0.00054653]
[0.00489386]
[0.00107623]
[8.400489e-05]
[-0.00054653]
[0.00259685]
[0.00200389]
[8.400489e-05]
[0.00259685]
[0.00193911]
[8.400489e-05]
[0.00489386]
[0.00193911]
[0.01767785]
[-0.00083259]
[-0.00034408]
[-0.00083259]
[0.00107623]
[-0.00034408]
[-0.00083259]
[5.7838683e-05]
[8.400489e-05]
[0.00259685]
[0.00200389]
[0.00200389]
[8.400489e-05]
[0.00489386]
[0.003695]
[8.400489e-05]
[0.00200389]
[-0.00298334]
[0.00107623]
[0.00259685]
[0.00489386]
[0.00745569]
[0.003695]
[1.1356722e-05]
[-0.00129094]
[-0.00118619]
[-0.00129094]
[0.00248464]
[-0.00129094]
[0.00012953]
[0.00166124]
[-0.00118619]
[0.00033064]
[0.00314069]
[0.00609369]
[0.00064223]
[0.00609369]
[-0.00048718]
[0.00088917]
[0.00166124]
[7.364841e-05]
[0.00026072]
[0.00609369]
[0.00033064]
[0.00200981]
[-0.00129094]
[9.06667e-05]
[0.00398793]
[-0.00546724]
[0.00248464]
[0.00398793]
[-0.00108497]
[-0.00310886]
[0.00369421]
[0.00398793]
[0.00188242]
[0.00609369]
[-0.00048718]
[0.00248464]
[0.00609369]
[-0.00129094]
[0.00188242]
[0.0008088]
[-0.00108497]
[-0.00240825]
[-0.00118619]
[0.00026072]
[-0.00118619]
[0.00398793]
[-0.00048718]
[0.00248464]
[0.00033064]
[0.00398793]
[-0.00546724]
[0.0008088]
[-0.00048718]
[0.00026072]
[-0.00310886]
[0.00088917]
[0.00166124]
[-0.00108497]
[-0.00108497]
[0.00038462]
[0.00166124]
[0.00038462]
[-0.00129094]
[-0.00546724]
[0.00248464]
[0.00188242]
[0.00166124]
[0.00064223]
[-0.00118619]
[-0.00129197]
[-0.00108497]
[-0.00129197]
[-0.00129094]
[0.00012953]
[-0.00048718]
[7.364841e-05]
[0.00064223]
[0.00398793]
[0.00609369]
[0.00088917]
[7.364841e-05]
[-0.00129197]
[-0.00129197]
[0.00038462]
[0.00038462]
[0.00398793]
[-0.00114441]
[0.00096487]
[0.00021098]
[0.00188303]
[-0.00518757]
[-0.00131398]
[-0.00080617]
[-0.00021142]
[-2.776715e-05]
[0.00018255]
[0.00411563]
[-0.00094753]
[0.00188303]
[-0.00131398]
[-0.00373051]
[6.063329e-05]
[6.063329e-05]
[0.00188303]
[0.00043314]
[0.00041169]
[0.00175436]
[8.400489e-05]
[0.00041169]
[-0.00131398]
[0.00522212]
[0.00522212]
[6.063329e-05]
[0.00041169]
[0.00041169]
[0.00188303]
[0.00096487]
[0.00522212]
[0.00043314]
[0.00041169]
[0.00064586]
[-0.00518757]
[0.00096487]
[0.00043314]
[0.00043314]
[-0.00373051]
[-0.00021142]
[0.00021098]
[-2.776715e-05]
[-0.00021142]
[-0.00021142]
[0.00021098]
[0.00411563]
[0.00175436]
[0.00411563]
[0.00281635]
[-0.00518757]
[0.00018255]
[0.00032269]
[6.063329e-05]
[0.00043314]
[-0.00094753]
[8.400489e-05]
[-0.00094753]
[-0.00114441]
[-0.00021142]
[0.00281635]
[0.00232494]
[0.00232494]
[0.00023275]
[0.00014633]
[8.400489e-05]
[0.00045058]
[8.400489e-05]
[0.00439986]
[0.00054871]
[0.00110411]
[0.00402725]
[0.00013676]
[8.400489e-05]
[0.00013676]
[0.00073849]
[8.400489e-05]
[0.00073849]
[0.00054871]
[0.00012607]
[0.00045058]
[0.00110411]
[0.00065277]
[8.400489e-05]
[8.400489e-05]
[0.00272879]
[-0.00378406]
[0.00166459]
[0.00166459]
[-0.00378406]
[0.00110411]
[8.400489e-05]
[8.400489e-05]
[0.00110411]
[8.400489e-05]
[8.400489e-05]
[8.400489e-05]
[0.00012654]
[0.00272879]
[0.00402725]
[0.00018294]
[0.00014633]
[0.00272879]
[0.00166459]
[0.00013676]
[8.400489e-05]
[-0.00378406]
[0.00054871]
[8.400489e-05]
[0.00073849]
[0.00110411]
[0.00012607]
[-0.00378406]
[0.00012654]
[0.00073849]
[0.00012654]
[0.00012654]
[0.00166459]
[0.00013676]
[0.00054871]
[0.00030837]
[8.400489e-05]
[0.00166459]
[0.00045058]
[0.00012654]
[0.00110411]
[8.400489e-05]
[0.00272879]
[0.00010066]
[8.400489e-05]
[0.00012654]
[0.00010066]
[8.400489e-05]
[0.00013676]
[8.400489e-05]
[0.00010066]
[8.400489e-05]
[-0.00464352]
[0.00018294]
[0.00010066]
[0.00013676]
[0.00014633]
[0.00030837]
[0.00272879]
[5.6836696e-05]
[0.00180692]
[0.00171892]
[-0.00206942]
[0.00194406]
[0.00117036]
[0.00117036]
[0.00553365]
[0.00155997]
[0.00109051]
[0.00113166]
[8.400489e-05]
[0.00113166]
[8.400489e-05]
[0.00194406]
[-0.00015335]
[-0.00867159]
[0.00117036]
[-0.00719611]
[0.00194406]
[0.00022162]
[5.6836696e-05]
[0.00113166]
[-0.00150891]
[-0.00867159]
[-0.00339609]
[-0.00339609]
[0.00171892]
[0.00180692]
[-0.00867159]
[-0.00678825]
[0.00109051]
[-0.00867159]
[-0.00015335]
[0.00113166]
[8.400489e-05]
[8.400489e-05]
[0.00194406]
[-0.00867159]
[-0.00150891]
[8.400489e-05]
[-0.00867159]
[0.00155997]
[-0.00339609]
[0.00194406]
[5.6836696e-05]
[0.00022162]
[0.00194406]
[5.6836696e-05]
[0.00296081]
[0.00117036]
[8.400489e-05]
[-0.00150891]
[-0.0007378]
[0.00022162]
[0.00194406]
[0.00117036]
[-0.0007378]
[-0.00678825]
[8.400489e-05]
[-0.00130686]
[-0.00130686]
[0.01024399]
[0.00315829]
[0.00098598]
[0.00226465]
[0.00929608]
[8.400489e-05]
[0.00178144]
[-0.00094868]
[0.00178144]
[-0.00094868]
[0.01024399]
[0.00226465]
[0.00896833]
[3.9074803e-06]
[8.400489e-05]
[0.00098598]
[0.00226465]
[8.400489e-05]
[0.00046719]
[8.400489e-05]
[0.00046719]
[0.00896833]
[0.00896833]
[8.400489e-05]
[0.00896833]
[0.00178144]
[8.400489e-05]
[0.00226465]
[0.01024399]
[-0.00094868]
[8.400489e-05]
[-0.00094868]
[0.01053055]
[8.400489e-05]
[-0.00094868]
[8.400489e-05]
[0.01053055]
[8.400489e-05]
[-0.00370787]
[8.400489e-05]
[0.00046719]
[0.00929608]
[0.00514408]
[-0.00183148]
[0.00178144]
[0.00929608]
[8.400489e-05]
[8.400489e-05]
[8.400489e-05]
[8.400489e-05]
[0.00178144]
[-0.00094868]
[0.01024399]
[1.3209239e-05]
[8.400489e-05]
[0.00929608]
[0.00896833]
[8.400489e-05]
[-0.00094868]
[0.00098598]
[0.01053055]
[-0.00094868]
[-0.00183148]
[-0.00370787]
[8.400489e-05]
[0.00929608]
[0.00896833]
[8.400489e-05]
[8.400489e-05]
[8.400489e-05]
[8.400489e-05]
[0.00315829]
[0.00226465]
[0.00319151]
[0.00645567]
[-0.00855269]
[0.00010568]
[0.00645567]
[-0.00636257]
[0.00116795]
[0.0002747]
[0.00116795]
[-0.00855269]
[0.01671118]
[-0.00166744]
[0.00010568]
[-0.0143654]
[0.0002747]
[0.00645567]
[0.00205583]
[0.00401886]
[-0.00187187]
[-0.00636257]
[-0.00187187]
[-1.8928375e-05]
[-0.00588832]
[0.00463873]
[0.00205583]
[0.00116795]
[0.00754606]
[0.00330017]
[-0.00834192]
[0.01671118]
[-0.00636257]
[-0.00855269]
[-0.00855269]
[-0.0143654]
[0.00330017]
[-0.0143654]
[-0.00855269]
[0.0002747]
[0.00151192]
[-0.00834192]
[-0.00033598]
[-0.00033598]
[0.00519509]
[0.0002747]
[-0.00729541]
[0.00645567]
[0.00330017]
[0.00205583]
[-0.00166744]
[0.00010568]
[-0.00834192]
[-0.00588832]
[-0.00636257]
[0.00205583]
[0.00319151]
[0.00463873]
[8.400489e-05]
[0.00330017]
[0.00205583]
[0.00151192]
[-0.00834192]
[0.00319151]
[0.00223759]
[0.00645567]
[-0.0143654]
[0.00519509]
[0.01671118]
[0.00010568]
[0.01671118]
[-0.00855269]
[0.00463873]
[0.00645567]
[0.00151192]
[0.00463873]
[0.01671118]
[0.00408154]
[0.00268472]
[-0.00231507]
[-0.00039034]
[0.00011288]
[0.00322124]
[0.00635487]
[0.00011917]
[0.00408154]
[0.00408154]
[0.00107009]
[-0.00067816]
[0.00635487]
[0.00092474]
[0.00107009]
[-0.00217477]
[-0.00231507]
[5.613803e-05]
[-0.00231507]
[-0.00067816]
[-0.00730826]
[0.00268472]
[0.00107009]
[-0.00217477]
[0.00073674]
[-0.00217477]
[0.00011288]
[0.00635487]
[0.00315822]
[0.00073674]
[-0.00039034]
[0.00037679]
[0.00011917]
[-0.00058458]
[-0.00217477]
[0.00130014]
[0.00315822]
[0.00092474]
[0.00268472]
[0.00315822]
[-0.00067816]
[0.00011917]
[-0.00217477]
[0.00073674]
[0.00635487]
[0.00268472]
[0.00073674]
[0.00073674]
[0.00011288]
[0.00073674]
[0.00073674]
[0.00635487]
[5.613803e-05]
[-0.00217477]
[-0.00640006]
[0.00011917]
[0.00635487]
[0.00037679]
[0.00037679]
[0.00107009]
[-0.00640006]
[-0.00231507]
[0.00073674]
[-0.00067816]
[-0.00231507]
[0.00073674]
[0.00408154]
[-0.00217477]
[0.00130014]
[-0.00067816]
[0.00268472]
[0.00107009]
[-0.00730826]
[-0.00067816]
[0.00635487]
