3.049471299093655524e-02
-4.343534057255676178e-02
-3.723887375113533061e-03
4.546624345886591916e-03
-8.030662529658696286e-03
1.409341403920860020e-02
-8.554319931565441222e-05
-1.454579579579579583e-02
-2.518433400363880026e-02
6.123857167500430972e-03
-1.100233100233100232e-02
-1.270320689348849660e-02
-1.069372086646558882e-02
-1.279972693915863236e-03
-1.892744479495268167e-03
-1.265822784810126606e-03
-1.479207368127267649e-02
1.589608502134617213e-02
-1.342100522428391236e-02
-1.307829181494661944e-02
-1.529864419201172610e-02
-2.361199744735162712e-02
4.541170422414531928e-03
1.749931997461238661e-02
1.100513573000733679e-03
2.748511223087494472e-04
-2.101670558649182743e-02
8.147025388404699475e-03
-8.679958748710896871e-03
-4.157427937915742465e-03
-8.142624496442959006e-03
4.294794708812918840e-04
-1.013859175890614861e-02
8.671760968489740373e-03
-2.579092159559834697e-04
-2.589350838803792729e-02
1.156550703182827530e-02
-2.518433400363880026e-02
0.000000000000000000e+00
1.589608502134617213e-02
8.408408408408408682e-03
-3.048421878063124757e-02
-1.318619657720003675e-02
-1.790534461040129560e-02
4.029492455418380928e-03
-2.361199744735162712e-02
-7.778738115816767520e-04
-4.563867134755603822e-02
8.659122085048010301e-03
1.594202898550724570e-02
-3.558360775704354217e-02
1.119863338711208148e-02
1.218003615948234919e-02
-1.796714579055441437e-03
1.800874710573707130e-03
-8.732813080639167946e-03
2.642889803383630457e-02
3.412969283276450546e-04
-6.222828403375671100e-03
2.743817078861409200e-02
-1.664684898929845447e-02
-8.773438843970410642e-03
-1.363166306289367337e-02
-5.123134999101204221e-03
-2.320164830242766110e-02
1.619508562918838337e-02
-5.405405405405405705e-03
-1.820968178130352375e-02
-2.054409005628517887e-02
2.937127122533272038e-03
-1.479207368127267649e-02
1.701534170153417083e-02
1.363762872251600249e-02
-7.693622841511369706e-04
-1.049557360591402838e-02
4.305148958153951974e-03
1.156550703182827530e-02
-3.830439223697650834e-03
-2.990671300530455337e-02
-2.906821221578243311e-02
2.014307228915662717e-02
-3.723887375113533061e-03
-2.090789225842908106e-02
-1.892120869810787892e-02
7.871064467766116304e-03
3.231631974146944100e-03
-4.588715159755268197e-03
-8.474576271186440432e-04
-1.947871254985622871e-02
-3.965024673188468490e-02
-8.742974395574984806e-03
1.100513573000733679e-03
2.745744096650192326e-02
-1.373831775700934572e-02
-1.699487456164014074e-02
-1.490590646543692903e-03
-1.871044666605521309e-02
-2.759924385633270166e-02
-6.402595185248420410e-03
-4.540550260744470601e-02
-7.487832272557095204e-04
-4.392933919057855768e-03
2.786660575605299367e-02
-1.266161390994204224e-02
1.594202898550724570e-02
-1.008711600183402135e-03
-3.761969904240766022e-03
-5.448245993936769171e-02
-1.016405135520684691e-02
2.298640882969989890e-02
-1.760848081933339207e-02
-3.282874338865584326e-03
-3.427706552706552556e-02
-3.427706552706552556e-02
1.212618526622902954e-02
-1.760848081933339207e-02
2.298640882969989890e-02
-2.210945994925697655e-02
-3.426819370547389432e-03
8.147025388404699475e-03
-5.406866720735334017e-03
1.458523245214220568e-02
5.101607006206955279e-04
-3.897123785216452529e-02
-1.279972693915863236e-03
-3.420957868203097080e-02
1.298339979597514654e-02
-1.310652537646402743e-02
2.053563788825190500e-03
1.936019175808979462e-02
2.110134197130958053e-02
2.743817078861409200e-02
-2.644934608627757047e-02
3.271028037383177760e-03
4.294794708812918840e-04
-8.916260685724791690e-03
-3.965024673188468490e-02
-7.645124011023201986e-03
-5.445418191100144870e-03
-1.113275814082939109e-02
5.490985631920929956e-03
-7.610636098844310825e-03
2.547247329498767560e-02
1.056428755475392889e-02
1.860119047619047603e-02
2.045989498460981312e-02
-4.258760107816711438e-02
-1.113282909832582698e-02
2.937127122533272038e-03
3.857693956279468518e-03
-1.322537112010796143e-02
-5.405405405405405705e-03
-3.958080720595877344e-02
-1.042409123307198870e-02
-4.128797714879252345e-02
-2.518776332661659678e-02
1.999809541948385783e-02
-8.142624496442959006e-03
1.990643060269699921e-02
-1.284387746246637083e-02
-5.980350277659119817e-04
-8.142624496442959006e-03
-6.128886885984678040e-03
-1.439360284318080829e-02
1.656543346217559387e-02
-1.708087795712699567e-03
7.258273567787090763e-03
-5.123825789923142993e-04
-1.100233100233100232e-02
-7.214015802129851961e-03
-2.868376373871861160e-02
3.271028037383177760e-03
2.642889803383630457e-02
1.309846431797651381e-02
-8.142624496442959006e-03
-1.979246733282090734e-02
-2.752293577981651637e-04
-2.229213483146067279e-02
-3.077449136604547882e-03
-2.047654504839910641e-02
-4.157427937915742465e-03
-1.733997417450654915e-02
-2.518433400363880026e-02
-4.445654146252948392e-03
-3.426819370547389432e-03
5.099150141643059471e-03
8.822766196695787377e-03
-5.769404128729829426e-03
-3.285420944558521683e-02
-3.217582417582417337e-02
-5.949345571987081811e-03
-2.579092159559834697e-04
-7.331628303495311104e-03
5.235152763474081559e-03
-9.885535900104058110e-03
-2.868474451208264178e-02
-1.242690058479532095e-02
-2.539201710620099875e-02
1.056428755475392889e-02
1.023502653525397953e-02
