-1.934916446789797717e-03
-2.732667083073079487e-03
-8.676036786395974199e-04
-3.325020781379883577e-04
-2.853575887283752669e-03
-3.432592465459538469e-04
-3.210015247572426083e-04
8.778860503906593411e-04
-8.175277959450621870e-05
-1.038255730372973336e-03
-8.320802005012530728e-03
-1.801314959920742110e-03
-2.202845341899954245e-03
-4.758742806551571891e-03
-9.363295880149812836e-04
3.688640877707367698e-03
-1.221214235868806671e-03
4.316298342541436284e-04
-6.417970316887284046e-04
-7.867820613690007861e-04
3.883495145631068231e-04
2.523553162853297465e-04
3.505933117583603150e-03
1.729954156214860185e-04
2.042066571370226673e-03
-3.436426116838488232e-04
1.215559157212317771e-03
9.184278095990519933e-03
-6.775570818637460628e-03
6.575162324319881778e-04
-1.971541230927481396e-03
-8.391373667869430480e-05
-8.888888888888889315e-05
9.879795817553103151e-04
-1.768033946251768094e-04
-1.281040599132834057e-03
-3.525471531817380572e-04
-1.984811874352778935e-03
2.716899112479623213e-04
3.610480709717350974e-03
5.372360133382734181e-03
5.202011444425178174e-04
-1.428954184156470530e-03
-2.837528604118993297e-03
3.005839917554104911e-03
5.057145746940426697e-04
4.573170731707316798e-03
-2.516567402063585052e-04
4.892467638365100534e-03
-7.033055360192906830e-04
-2.554890219560878358e-03
-1.968856273492035174e-03
1.202019392579533686e-03
7.333682556312204857e-04
-6.876903428627566565e-04
-9.624639076034649217e-04
-1.150067885951601247e-02
2.048815250311776352e-03
-5.213764337851929231e-04
-1.272696419480739884e-03
3.303396304325384447e-03
-8.147254073627036366e-03
-6.436559658862337635e-04
3.314825557305046597e-04
-4.924491135915954948e-04
-8.564576909900651095e-05
2.480568877129155168e-04
-6.155469574393246726e-04
9.588493807431082731e-04
-1.838591058641377875e-03
3.282185935833265011e-04
1.844426623897353623e-03
-1.313927632908833739e-03
-7.903343023255814115e-03
-8.407777193904361276e-04
1.423825344091124824e-03
1.655196445683421863e-03
-1.504720692368213993e-02
3.573342862247632420e-04
-1.707513057452792219e-03
3.673176850026876796e-03
2.002202422664931393e-04
-2.441229656419529898e-03
-1.550988755331523779e-04
3.031615417929839698e-03
4.193059148898206981e-03
-6.138735420503375808e-04
4.459004459004459360e-03
0.000000000000000000e+00
3.049625727751594049e-03
6.582736772813296703e-04
2.204391147165152883e-03
1.087866108786610846e-03
-3.789587656771632382e-03
-2.574444349094653852e-04
-3.366355679522939348e-03
-1.524390243902439077e-03
-1.455906821963394351e-03
5.780346820809248920e-04
1.739886907351022175e-03
-1.992825827022718310e-04
2.605071205279610837e-04
6.756756756756757132e-03
0.000000000000000000e+00
0.000000000000000000e+00
-6.991173643275365316e-04
1.915555910288131540e-03
1.662786830728300521e-04
-8.313242996092775304e-04
-2.979842243645924524e-03
4.292213923941969175e-04
-4.823461315840246884e-04
1.805054151624548801e-03
-8.977466558937068531e-05
1.573289048160125912e-03
-3.504070905905389954e-03
6.238303181534622568e-04
7.829627309740056656e-05
-5.843396961433580152e-03
5.857740585774058985e-04
-2.537427048972342217e-04
5.301289980561937247e-04
-3.096294767261843339e-03
2.385116870726665633e-04
1.751927119831814955e-03
1.792917974002689475e-03
-6.826249203604259699e-03
-1.127123420014491560e-03
1.179780379344768119e-03
-3.624355670103092918e-03
1.601794009290405222e-04
-3.395585738539898301e-04
8.798592225243961331e-04
-2.702215816969915328e-03
-4.121332014507088901e-04
3.294214535721638661e-03
2.071108042802899570e-03
3.232441962973846457e-03
0.000000000000000000e+00
-1.334976381187102153e-03
1.261715933669790846e-03
2.270940693510350213e-03
8.629616845012081088e-05
9.752637645181310702e-04
1.672940192388122182e-04
-3.022974607013300947e-04
1.615508885298869244e-04
-9.869896814715117817e-04
1.635055591890124211e-03
-3.651804670912951311e-03
-3.442011664595085590e-03
1.565954310980103258e-03
7.605848052057804370e-04
-4.746418212182473492e-03
-7.883672039243167732e-04
-3.578137579389927426e-03
-1.099643098292659403e-02
-3.687391170746696662e-03
5.281369513749772059e-03
-7.114905727499110360e-04
-2.496684091441054697e-03
-8.896005693443644264e-05
1.041666666666666652e-03
-1.807047485192249869e-03
6.263982102908277356e-04
-1.870129870129870172e-03
0.000000000000000000e+00
-9.182736455463728084e-04
-3.265090010589481121e-03
-5.289885738468049110e-04
-4.785663374401792451e-03
1.805054151624548801e-03
8.679048776254122746e-05
1.171382231032618492e-03
1.920965971459934153e-03
9.930486593843098047e-04
1.666388935177470386e-03
-1.623221617492600017e-03
-1.141151685393258395e-03
1.439815703589940538e-03
-8.965393580778196364e-05
1.243662106572275940e-03
4.562460078474313589e-04
2.149428252084945468e-03
-9.482758620689655258e-04
-1.684041700080192439e-03
5.273798013536081658e-04
-2.029829670814579587e-03
1.162582722232158739e-03
6.869311351537008394e-04
1.480788714831267989e-03
3.447170113836780549e-03
1.964250638381457518e-04
2.662406815761448600e-04
2.308033732800710003e-03
3.350934199837530495e-03
4.724732949876746420e-03
-1.997602876548142028e-03
1.171458998935037341e-02
-3.818711687267611118e-03
