-7.948423562660072864e-04
9.026900162484202445e-05
-2.171081198436821715e-03
1.623962468422951964e-03
1.401050788091068354e-03
2.465222750484240277e-03
2.339688041594453934e-03
0.000000000000000000e+00
1.239267062051872164e-03
3.506926179203928009e-04
1.713502398903358581e-04
-2.572457554450351624e-04
-4.367193641366058144e-04
3.037667071688942948e-03
3.498644275343304444e-04
7.591000548747027510e-03
1.124859392575928117e-03
0.000000000000000000e+00
4.423604352826682943e-04
3.516792685071215173e-04
3.401360544217686840e-04
3.574300777410419007e-04
-1.784917447568049964e-04
-6.178833083237708721e-04
-7.942811755361397488e-04
3.490096850187592785e-04
8.520790729379686785e-05
-1.291100017214666862e-03
-1.731002250302925453e-03
-2.480290548321374862e-03
-6.841505131128848560e-03
1.646019232435242145e-03
8.566044200788076358e-04
-2.045338333049258588e-03
3.551451655864334696e-04
9.448548359388420905e-04
-3.434065934065934334e-04
3.550505947097461136e-04
-6.283185840707964341e-03
2.212389380530973421e-03
-1.734003814808392544e-04
-1.101694915254237267e-03
8.898380494749954985e-04
-7.853636769299419951e-03
1.716885569576787616e-04
-9.124920156948627178e-04
-1.021102791014295375e-03
-5.289605924358635816e-04
-5.387264859136270921e-03
-1.650881918498566360e-03
2.664298401420959247e-03
3.573981415296640556e-04
2.605750021714583575e-04
-1.289324394017534858e-03
1.744743958824042612e-04
1.153709620163294357e-03
5.347593582887700658e-04
1.732651823616044434e-04
0.000000000000000000e+00
1.751160143595131748e-03
-1.382408847416623536e-03
-1.831501831501831500e-03
5.373455131649651105e-04
1.060632844263744139e-03
3.467406380027739338e-04
2.685284640171858145e-04
3.697508583502068669e-03
-1.959114139693355922e-03
5.232406034708293090e-04
-3.208270207646377135e-03
2.566954736031488125e-03
-4.517025712300208433e-03
-5.334281650071123412e-03
1.749322137671652222e-04
2.148320013749248272e-03
1.059135039717563984e-03
-2.098085496984002096e-03
-8.854258898530193008e-05
-4.229074889867841074e-03
5.328123612467808821e-04
5.379718461400520568e-04
-3.554607660179507733e-04
1.345050215208034531e-03
1.694197373994070239e-04
-1.062322946175637411e-02
1.184733858001184737e-03
-1.876843328268835509e-03
-6.099154831401934788e-04
1.148207030559971701e-03
-2.233868889079817979e-03
-1.220256253813300747e-03
2.853067047075606363e-03
-5.264081417792594673e-04
-5.298481102084069347e-04
7.778738115816767520e-04
1.542929751316028230e-03
1.781895937277263101e-03
2.594258042199930944e-04
7.714065312419645694e-04
-1.220256253813300747e-03
-1.546720043672095363e-03
3.512777728989198238e-04
5.479952507078272340e-04
-1.814098134070490703e-03
1.353981552001353892e-03
-4.316670983337650121e-04
7.795582503248159626e-04
7.035441034209832150e-04
5.154196374881882476e-04
-7.605205340544194921e-04
-2.581977794990962874e-04
1.791633073546537779e-04
-7.943512797881729882e-04
1.078651685393258340e-03
1.817080557238037611e-03
-1.758550954013892516e-04
-4.850164559154685785e-03
1.299151221202147870e-03
-8.724480893386843785e-05
0.000000000000000000e+00
2.228759917981635013e-03
4.332004851845434336e-04
-3.485535029627047777e-04
-6.912044237083117678e-04
-1.285236912004112785e-03
7.963897000265462729e-04
4.413452202312649164e-04
-1.763357432551578171e-04
8.887308922858158287e-05
8.641548565502938078e-04
5.303164221318720697e-04
3.066931264658127182e-03
-1.337494427106553736e-03
1.829108962633916886e-03
3.262211250220419575e-03
1.049317943336831090e-03
8.772699359592947067e-05
8.071748878923767218e-04
-4.455315803267231867e-03
4.472671974237409282e-04
3.504468196951112920e-04
8.673026886383347492e-04
2.460546410996097052e-03
6.848142441362779862e-04
-2.282704126426690280e-03
7.794907327212887869e-04
1.453364110455672344e-03
8.710042679209127614e-04
1.467161474065763454e-03
-8.586639189421260492e-05
0.000000000000000000e+00
-1.988587238457547972e-03
1.405728342997715702e-03
-2.741603838245373730e-03
8.643042350907519165e-05
5.306916681408101666e-04
-1.747946163258171581e-04
-3.397407241841752211e-03
1.217920835145715544e-03
1.420202378838984454e-03
0.000000000000000000e+00
7.797608733321781697e-04
2.018252018252018280e-03
1.639344262295081966e-03
9.536194191590810932e-04
0.000000000000000000e+00
1.597869507323568597e-03
-5.366246310705661150e-04
-1.578531965272296760e-03
-3.453933166393230426e-04
-1.719542601667956190e-04
5.349000350754121516e-03
-3.501707082202573586e-04
4.327505625757313633e-04
2.603262755987504327e-04
8.738967054094206645e-05
1.366353543979504726e-03
8.877052818464270284e-05
1.147092561545927760e-03
-6.110868616324749468e-04
-1.742615666114838240e-04
-1.881145788798631964e-03
-1.765848490199540882e-04
6.681318681318681486e-03
-1.716001716001715964e-04
-1.065624722493561764e-03
-1.731451822353043037e-04
3.456022118541558839e-04
-7.841087297438578381e-04
-6.256144427562785031e-04
-1.761804087385482808e-04
8.650519031141868775e-04
-2.623753716984432590e-04
-8.946944618412811705e-05
-2.650644990280968624e-04
1.505090748118636645e-03
1.326025459688826057e-03
4.387889425186485373e-04
-4.367193641366058144e-04
-1.116838487972508526e-03
