6.764786543559740684e-03
0.000000000000000000e+00
-9.166743056192135021e-05
-1.818347122465678708e-04
0.000000000000000000e+00
2.882952142994426562e-04
-9.271277582050806718e-04
-1.838066354195386362e-04
-5.275652862041678090e-04
6.505576208178438140e-04
-1.830328543973643192e-04
0.000000000000000000e+00
-2.730748225013653508e-04
9.309253397877490259e-05
9.344921035417250903e-05
1.752234098475556460e-04
-4.400633691251540315e-04
4.566627089231893436e-04
-9.100009100009099684e-05
-2.813203300825206123e-04
1.466813348001466807e-03
-1.036660069738950087e-03
-9.151642719868215961e-05
-3.644646924829157350e-04
2.645735955551636051e-04
0.000000000000000000e+00
9.298865538404314909e-05
1.245688003066308929e-03
8.156606851549755679e-04
0.000000000000000000e+00
6.349206349206349201e-04
2.628811777076761223e-04
3.768607499528923966e-04
2.662406815761448600e-04
3.633991800223630459e-03
-1.819339579732557157e-04
1.780785326328911057e-04
-7.288629737609329329e-04
-3.561253561253561431e-04
0.000000000000000000e+00
5.495511998534530250e-04
1.012984621051662114e-03
1.227921035231888244e-03
-9.469696969696969689e-05
-9.076881183625305793e-05
7.555009915950514987e-04
2.831257078142695549e-04
-1.867413632119514343e-04
-1.855459690138231614e-04
9.266123054114158274e-05
4.457088667614983804e-03
-6.406736225517114863e-04
0.000000000000000000e+00
8.646363723700643692e-04
-9.226794611551946855e-05
1.854599406528189979e-04
-8.211678832116788484e-04
-3.716781267422412287e-04
-8.804366966015143847e-05
3.599388104022316175e-04
3.634051058417370889e-04
-3.709886848451121990e-04
-3.738317757009345624e-04
-1.387732445184568491e-03
1.301357129577988478e-03
0.000000000000000000e+00
-1.573426573426573534e-03
-2.577794144724728301e-03
6.551240056153486650e-04
-1.835367532348352758e-04
-4.400633691251540315e-04
-1.217000561692567007e-03
-9.341429238673516820e-05
-5.292405398253505937e-04
-1.415628539071347612e-03
-2.737226277372263009e-04
6.356701779876498641e-04
0.000000000000000000e+00
-1.076329715669566795e-03
1.790350013427625129e-04
-2.734481815695925604e-04
-9.383503800319039625e-04
0.000000000000000000e+00
7.419773696902243979e-04
4.557054320087495624e-04
1.000363768643143048e-03
1.899876508026978337e-04
-3.745318352059925243e-04
1.877229209686502760e-04
-1.820498816675769095e-04
1.235875706214689370e-03
-7.393715341959334253e-04
1.616891763363134931e-03
-1.208403048893846475e-03
0.000000000000000000e+00
2.754315093646713449e-04
2.745995423340961343e-04
-6.381620931716656476e-04
-1.857182653914012376e-04
9.287638153617534407e-05
4.569966182250251416e-04
9.402030838661150586e-05
-1.841451063437989262e-04
7.147962830593281112e-04
9.335324869305452480e-05
0.000000000000000000e+00
0.000000000000000000e+00
4.615526631588664185e-04
-4.577916132576451136e-04
-8.948545861297539661e-05
-1.824984031389725219e-04
1.709888857224280394e-03
-1.874765654293213438e-04
-9.346667912889055057e-04
-7.189718702255774689e-04
0.000000000000000000e+00
1.776041204155936364e-04
-9.378223764419019225e-05
-2.787068004459308758e-04
8.209431724892821657e-04
1.490312965722801787e-03
9.090909090909090359e-05
-1.842468908337171747e-04
-8.412787436904093762e-04
4.616805170821791150e-04
-9.181893306399779896e-04
9.381743127873158573e-05
-2.803214352457484475e-04
-2.805311389564241545e-04
-6.585136406396989526e-04
9.435742592942064427e-05
6.614381555324577678e-04
0.000000000000000000e+00
1.889109284972135551e-04
0.000000000000000000e+00
-2.746498214776160393e-04
3.579098067287043517e-04
0.000000000000000000e+00
1.870032725572697615e-04
1.879522601259280056e-04
-5.342831700801424413e-04
1.717747039146550955e-03
5.587632706276773756e-04
-8.412787436904093762e-04
-1.147801518629701627e-03
0.000000000000000000e+00
4.652028284331968886e-04
-6.494711449248469388e-03
-3.601656762110571112e-04
0.000000000000000000e+00
