4.810374726683254443e-02
4.174074360361752778e-02
-3.328402366863905410e-03
-2.476937604416357824e-02
4.936151146292285657e-02
4.936151146292285657e-02
5.463588449261376490e-02
-3.767929779490473280e-02
4.936151146292285657e-02
3.376464282979863701e-02
5.625657202944268909e-02
2.258924603762405697e-02
3.376464282979863701e-02
2.258924603762405697e-02
-3.328402366863905410e-03
3.376464282979863701e-02
-8.531157270029673251e-03
4.184615384615384542e-02
-3.328402366863905410e-03
4.624411333281865100e-02
2.258924603762405697e-02
3.376464282979863701e-02
3.376464282979863701e-02
4.477498671928360069e-02
9.445100354191262801e-03
1.432069451658380885e-02
2.258924603762405697e-02
4.936151146292285657e-02
1.432069451658380885e-02
4.810374726683254443e-02
5.463588449261376490e-02
-3.767929779490473280e-02
4.878238543530693389e-02
2.258924603762405697e-02
3.376464282979863701e-02
9.445100354191262801e-03
4.810374726683254443e-02
4.416961130742049629e-02
-3.388245449967627887e-02
5.397335783187873215e-02
4.624411333281865100e-02
4.810374726683254443e-02
3.230993032692749262e-02
4.477498671928360069e-02
5.866646888674627303e-02
9.445100354191262801e-03
1.432069451658380885e-02
4.477498671928360069e-02
2.258924603762405697e-02
4.416961130742049629e-02
4.174074360361752778e-02
-1.096825742718094028e-02
-1.096825742718094028e-02
5.397335783187873215e-02
4.416961130742049629e-02
5.575227906275898732e-02
-1.096825742718094028e-02
5.397335783187873215e-02
5.397335783187873215e-02
-3.328402366863905410e-03
4.810374726683254443e-02
4.174074360361752778e-02
2.258924603762405697e-02
3.230993032692749262e-02
-1.096825742718094028e-02
-3.767929779490473280e-02
4.936151146292285657e-02
4.477498671928360069e-02
5.575227906275898732e-02
5.866646888674627303e-02
-2.476937604416357824e-02
5.397335783187873215e-02
-3.388245449967627887e-02
5.397335783187873215e-02
3.230993032692749262e-02
-1.096825742718094028e-02
5.575227906275898732e-02
5.397335783187873215e-02
3.230993032692749262e-02
-3.328402366863905410e-03
-2.476937604416357824e-02
-3.388245449967627887e-02
5.397335783187873215e-02
5.866646888674627303e-02
-3.328402366863905410e-03
5.625657202944268909e-02
4.184615384615384542e-02
4.878238543530693389e-02
5.397335783187873215e-02
4.184615384615384542e-02
1.432069451658380885e-02
5.397335783187873215e-02
4.184615384615384542e-02
2.258924603762405697e-02
5.397335783187873215e-02
9.445100354191262801e-03
3.376464282979863701e-02
-3.328402366863905410e-03
4.174074360361752778e-02
5.397335783187873215e-02
4.184615384615384542e-02
-2.476937604416357824e-02
5.397335783187873215e-02
-8.933845245126992643e-03
4.810374726683254443e-02
4.878238543530693389e-02
4.184615384615384542e-02
-3.328402366863905410e-03
3.376464282979863701e-02
1.432069451658380885e-02
-8.933845245126992643e-03
4.810374726683254443e-02
-3.767929779490473280e-02
5.625657202944268909e-02
5.866646888674627303e-02
4.624411333281865100e-02
4.174074360361752778e-02
9.445100354191262801e-03
-8.531157270029673251e-03
1.432069451658380885e-02
4.416961130742049629e-02
-8.531157270029673251e-03
4.416961130742049629e-02
-2.476937604416357824e-02
5.463588449261376490e-02
5.397335783187873215e-02
-8.933845245126992643e-03
-5.958949459280511902e-03
-5.958949459280511902e-03
4.878238543530693389e-02
4.416961130742049629e-02
2.258924603762405697e-02
9.445100354191262801e-03
4.810374726683254443e-02
4.184615384615384542e-02
-5.958949459280511902e-03
-2.476937604416357824e-02
4.184615384615384542e-02
-3.388245449967627887e-02
4.810374726683254443e-02
-2.476937604416357824e-02
5.575227906275898732e-02
5.397335783187873215e-02
4.810374726683254443e-02
4.624411333281865100e-02
4.416961130742049629e-02
4.810374726683254443e-02
1.432069451658380885e-02
4.477498671928360069e-02
-8.933845245126992643e-03
4.416961130742049629e-02
4.174074360361752778e-02
5.575227906275898732e-02
5.625657202944268909e-02
4.810374726683254443e-02
-3.328402366863905410e-03
4.936151146292285657e-02
4.416961130742049629e-02
-2.476937604416357824e-02
5.625657202944268909e-02
4.624411333281865100e-02
1.432069451658380885e-02
-3.767929779490473280e-02
5.397335783187873215e-02
5.748924520922956555e-02
2.258924603762405697e-02
3.376464282979863701e-02
5.625657202944268909e-02
2.258924603762405697e-02
4.936151146292285657e-02
2.258924603762405697e-02
5.397335783187873215e-02
4.936151146292285657e-02
2.258924603762405697e-02
-3.388245449967627887e-02
-8.531157270029673251e-03
4.810374726683254443e-02
-8.933845245126992643e-03
-5.958949459280511902e-03
-5.958949459280511902e-03
3.376464282979863701e-02
4.184615384615384542e-02
5.463588449261376490e-02
4.174074360361752778e-02
-8.933845245126992643e-03
5.748924520922956555e-02
5.625657202944268909e-02
4.936151146292285657e-02
5.463588449261376490e-02
-3.767929779490473280e-02
1.432069451658380885e-02
4.174074360361752778e-02
4.184615384615384542e-02
-1.096825742718094028e-02
5.575227906275898732e-02
-2.476937604416357824e-02
5.748924520922956555e-02
5.463588449261376490e-02
3.230993032692749262e-02
3.376464282979863701e-02
