-3.878621948437143557e-03
-2.547241118669690135e-02
-1.498410776449220563e-02
-9.801720912832023389e-03
-3.351708930540242548e-02
-5.495300072306579832e-03
5.897530409141172117e-03
1.159441695591167595e-02
8.425290784372204550e-03
8.729177275041827277e-04
-1.330973451327433638e-02
-6.388352399346308545e-03
1.190304429375270596e-02
-1.171930827497498842e-02
-2.365733597825288304e-02
1.159441695591167595e-02
-3.026207103702035009e-02
3.726337755254136171e-04
-6.516105146242132454e-03
-6.516105146242132454e-03
-6.214856466410180816e-03
-1.746474840741536055e-02
3.645200486026731364e-03
2.735540196435067364e-02
7.486238532110091326e-03
2.870090634441087654e-02
-1.789249835007699491e-02
-2.045941354605214715e-02
-2.231146809460062604e-03
-1.589347079037800592e-02
3.645200486026731364e-03
-2.169904978017302491e-02
2.806499261447562878e-03
2.836824611579191399e-02
-1.972190692395005621e-02
9.360374414976599389e-03
9.360374414976599389e-03
-3.788154731550958006e-03
-2.325232523252325142e-03
-3.704801422643746144e-03
2.220153262192938685e-03
2.220153262192938685e-03
1.688457228240567917e-02
-1.326069815783814838e-02
2.019833746536386226e-02
1.190747061054228326e-02
-6.516105146242132454e-03
7.651166245728717799e-03
-2.284775629059956556e-02
7.441791924550545181e-03
-1.654010976618299281e-03
2.281798328187363556e-02
-9.908753920729969009e-03
-2.314884632785401894e-02
2.414729852097796670e-02
2.130126068685697649e-02
4.932735426008968277e-03
-6.406436233611442418e-03
5.802276277616603625e-03
8.979239997126643377e-03
4.024744726839084817e-03
-1.865537777139987139e-03
-1.118048497168578487e-02
2.499805915689775476e-02
-1.754638285632101335e-02
5.802276277616603625e-03
-2.031755587327865181e-02
-2.330097087378640852e-02
8.425290784372204550e-03
-2.325232523252325142e-03
1.130329236838112546e-02
1.488977231658836220e-02
-7.848173515981734724e-03
-1.763056948952493319e-02
-1.312075673201617242e-02
7.436312766897363799e-03
-1.589347079037800592e-02
1.214452741947650259e-02
-1.169548683360837997e-02
2.220153262192938685e-03
-1.543516466722701964e-02
3.182191678494061121e-02
1.688457228240567917e-02
-2.713673607456964718e-02
1.594383090762817312e-02
-1.566638916218875480e-02
1.444564824846514891e-04
-1.237232052942022729e-02
-9.801720912832023389e-03
-8.036653147063241298e-03
3.889088944904573169e-03
-2.169904978017302491e-02
3.092629853193233636e-02
-1.449915360270847067e-02
9.062546426979647268e-03
2.130126068685697649e-02
-3.704801422643746144e-03
-4.515659140568098820e-03
4.024744726839084817e-03
-2.169904978017302491e-02
3.331314354936402034e-03
9.711639025847901285e-03
-1.353383458646616536e-02
3.744509253258443329e-03
-1.118900927696338775e-02
-2.325581395348837177e-02
7.436312766897363799e-03
-2.314884632785401894e-02
-1.160571123157975136e-02
-7.848173515981734724e-03
1.853997682502896843e-02
1.766214730670575411e-02
1.733343084911870280e-02
8.594275465211867471e-03
4.543045354736124919e-04
-1.356919579425973355e-02
2.281798328187363556e-02
-1.250355214549588034e-02
1.948955916473317854e-02
1.458224834461721575e-02
3.889088944904573169e-03
-5.571237557569454733e-03
-1.330973451327433638e-02
1.688457228240567917e-02
-2.231146809460062604e-03
-3.026207103702035009e-02
-2.250534025022886755e-02
-1.297497683039851649e-02
3.769194974406700482e-02
-5.495300072306579832e-03
-3.026207103702035009e-02
9.062546426979647268e-03
-1.820088382892667139e-02
-1.939037825927285991e-02
-1.038326462055275644e-02
-1.726925338036449167e-02
-9.801720912832023389e-03
3.158137390502535613e-02
9.062546426979647268e-03
-1.566638916218875480e-02
7.436312766897363799e-03
1.239489707161496070e-02
-2.365733597825288304e-02
-1.250355214549588034e-02
3.744509253258443329e-03
4.244229337304542340e-03
1.239489707161496070e-02
-2.365733597825288304e-02
3.331314354936402034e-03
7.436312766897363799e-03
1.180731618978630992e-02
-9.801720912832023389e-03
-1.754638285632101335e-02
2.152366863905325403e-02
2.499805915689775476e-02
4.543045354736124919e-04
3.798882681564245967e-03
1.733343084911870280e-02
3.331314354936402034e-03
3.051431998800419737e-02
9.826719675943290308e-03
-3.026207103702035009e-02
-1.746474840741536055e-02
-2.330097087378640852e-02
6.529382219989954446e-03
5.897530409141172117e-03
-3.855564617780084594e-03
1.199880757191831848e-02
-2.625084137312093391e-02
8.425290784372204550e-03
-1.025202904741563496e-02
-1.972190692395005621e-02
-1.726925338036449167e-02
4.543045354736124919e-04
4.050573636150784501e-02
2.499805915689775476e-02
2.700814901047729824e-02
-1.297497683039851649e-02
1.488977231658836220e-02
1.199880757191831848e-02
-8.207934336525307684e-03
3.645200486026731364e-03
4.244229337304542340e-03
1.627974886844794911e-02
6.272262660678333893e-03
-2.031755587327865181e-02
-1.322892115867102536e-02
-1.506346536167609690e-02
-1.449915360270847067e-02
2.180685358255451609e-02
3.157082207641837002e-02
-6.214856466410180816e-03
-4.599607902277183004e-03
4.050573636150784501e-02
3.051431998800419737e-02
-5.495300072306579832e-03
-6.670619626445301042e-04
1.630350795858445320e-02
-1.746474840741536055e-02
-1.090465600114785827e-02
