-3.918709559828670655e-03
1.332253128094337997e-02
2.472980399340538558e-03
-3.832466465918423285e-03
-4.428697962798937467e-03
5.014264718596005664e-03
2.523313219967087198e-02
-1.446916259721468638e-02
-3.001200480192076948e-03
-7.565011820330969560e-04
8.033982823898789746e-03
1.564945226917057938e-03
5.839948900447120700e-03
1.029689377037926786e-03
1.471224578104716584e-03
8.321180406622630601e-03
-8.917424647761726386e-03
-3.652300949598247075e-03
-7.342817806333180094e-04
-1.446916259721468638e-02
-3.109566489848180054e-03
-1.731481481481481413e-02
-4.526432658638654405e-03
-6.866474900250533857e-03
-6.330258636281424749e-04
-1.278772378516624146e-03
9.074074074074074681e-03
1.996874457371071183e-03
3.561387066541705799e-03
2.286236854138088900e-03
9.618001996189094044e-03
-4.360594464714781168e-03
1.731399157697707109e-02
2.570033410434335603e-03
1.471224578104716584e-03
4.609569466211855572e-03
-7.405375754251234018e-03
-1.893055804773012898e-02
-1.653042688465031912e-02
6.169137177619740849e-03
7.320915577796311552e-03
7.503986492824313292e-03
5.209285322610126244e-03
-2.066697980272428486e-03
1.973684210526315853e-03
6.467110125646710790e-03
-4.935112410893803536e-03
2.622705133008617490e-03
-3.584550586970158825e-03
3.847915712322492153e-03
-1.342281879194630843e-02
-1.382528298626112609e-03
1.471224578104716584e-03
-2.121348314606741683e-02
-1.340822612792172581e-02
5.862416414765961661e-03
-3.851797505502567876e-03
2.286236854138088900e-03
-4.390672260708361994e-03
1.603849238171611846e-03
2.850898032880357438e-03
-5.115089514066495716e-04
-4.562375551900268306e-02
-3.646640532409517552e-03
-1.340822612792172581e-02
2.850898032880357438e-03
8.921611087050671657e-03
-8.168127286650216437e-03
2.760143527463428028e-03
-5.126452494873547615e-04
2.345746622855056709e-02
-8.492767148856742929e-03
-1.789426118391324039e-02
6.611570247933884134e-03
-4.078673071694008910e-03
-8.498342823149485081e-03
4.246484854204020040e-03
1.890846583584013859e-03
6.934211666811129771e-04
8.581752484191507852e-03
-6.355204397114394034e-03
-4.963203833647099501e-03
-4.539941084734015059e-02
-1.099807533681605720e-02
1.003924431870037350e-03
3.107929930307026020e-03
-8.145533532446375125e-03
-2.338339778757082300e-03
-6.661475906220261194e-03
-1.676462086906253118e-02
1.530612244897959105e-03
-2.547650500094357246e-03
-5.586112066002062171e-03
2.662356185223923276e-03
-8.649367930805056115e-03
5.042170883755042569e-03
4.323429307331432166e-03
-1.650530198248040606e-02
-1.801647220315717246e-03
2.600602244730358670e-02
-4.686035613870665091e-03
-8.495938754551395078e-03
7.116804554754915411e-04
8.501955449753442989e-05
-1.334282156199964424e-03
1.819757365684575474e-03
-1.893055804773012898e-02
-5.464480874316939886e-03
-1.367638259680314591e-03
2.662504590525156117e-03
2.047657878046570470e-02
9.172594533882440920e-03
1.332253128094337997e-02
-1.818344679326406449e-02
-1.976764348881567684e-02
-6.538499072899385013e-03
-7.565011820330969560e-04
-1.174496644295302053e-02
-3.109566489848180054e-03
9.587289992695398680e-03
4.098010757278237534e-03
-1.946712119852875289e-02
-1.460185017231997034e-02
-5.374351371386212016e-03
-4.670224933282501358e-03
4.250094446543256632e-03
6.467110125646710790e-03
5.952380952380952918e-04
-1.109207322571918036e-02
-1.109972677595628347e-03
-2.825116194295087743e-03
2.022244691607684615e-03
-7.885843034171986440e-03
1.463684065175365964e-02
1.828320687448578563e-04
6.015733456732993978e-03
1.462255529153719518e-03
2.564102564102564100e-04
1.449275362318840597e-03
-1.073921603722928237e-03
9.511456982274102715e-04
-4.843643779741672178e-03
-2.844120328167730125e-02
-2.202854132745905510e-02
-3.677728361272664896e-03
-4.565793078257693142e-03
-6.958693906682130587e-03
6.267858788828463770e-03
-1.789426118391324039e-02
3.657978966620941807e-03
-7.772020725388600676e-04
-2.159111270381652153e-02
1.422744949255430212e-03
-3.111226341716359992e-03
-6.134390335975840013e-03
-3.344768439108061677e-03
9.618001996189094044e-03
2.321582115219260334e-03
-1.462924019383743217e-02
5.013831258644537055e-03
2.543284750073363919e-03
1.564945226917057938e-03
-1.041863989391930223e-03
-6.866474900250533857e-03
-9.508990318118948652e-04
7.871802080404836227e-03
0.000000000000000000e+00
-1.818344679326406449e-02
-1.012753188297074204e-02
-1.214098033886019772e-02
-5.973715651135005607e-04
-3.206270039187744843e-03
2.129587675577707465e-02
1.278796426892336684e-02
4.804069329314242763e-03
-5.973715651135005607e-04
1.004184100418410025e-02
1.007972143315312083e-03
6.816890740390077301e-03
-1.381292296282562310e-02
-1.129624399887037625e-03
-1.109207322571918036e-02
3.182328715836765191e-03
2.722817208204755726e-03
5.850712465792205254e-03
7.668853367827774097e-03
0.000000000000000000e+00
-4.269490222867389391e-03
1.723692148582263331e-04
-1.041863989391930223e-03
-4.686035613870665091e-03
3.459609064175748149e-04
5.965491923641703768e-03
3.516681695220919696e-03
2.392548919080577687e-03
-3.397711015736766798e-03
-2.500431108811864041e-03
-3.016287954956766749e-03
-1.232314011866727545e-02
1.490451793199813746e-02
