-1.022494887525562468e-03
1.594613749114103364e-03
1.206832528778314234e-03
9.134088417975886817e-03
1.924557351809083789e-04
2.789140944589066536e-03
3.723549178094632834e-03
-3.016858917480035387e-03
2.109148431320854392e-03
3.590986623574827195e-03
-1.017593913456966287e-02
2.256725040621050584e-03
1.601054812582407153e-03
2.458344714558863796e-03
6.042866584836181255e-03
-1.643512212839371572e-02
2.025717808701778949e-03
4.200896191187452992e-03
1.847063169560399058e-03
-8.473812314071937565e-03
-2.388169376320382290e-03
-2.550323344566900359e-03
4.104094767279171593e-03
5.600672080649678457e-04
1.972757162987317982e-03
-1.452432824981844586e-03
-1.863932898415656975e-03
2.056074766355140120e-03
1.645488618703720707e-03
-3.109566489848180054e-03
-1.137764293163932893e-03
2.789659661521294337e-04
-5.587112394077661109e-04
9.000090000900009320e-04
5.284138314637989997e-03
-7.590132827324478108e-04
-1.037531577047997103e-02
-6.577745295084962834e-03
-1.007086907870197688e-02
3.543123543123543120e-03
2.211166390270867792e-03
-6.304386432250044282e-03
1.000000000000000021e-03
2.056074766355140120e-03
-8.753501400560224162e-05
5.565346442816064944e-04
3.260486429326753775e-03
1.040385888584129462e-03
-1.634283639004902857e-03
1.435723056578823084e-02
6.404632391647657394e-03
3.682595352915388198e-03
2.444757874941231972e-03
1.936376210235131456e-03
2.604408892196074729e-03
4.811119030648610372e-03
2.738475581926061355e-03
1.340362791528907195e-03
-2.239541341933172156e-03
-1.566505269154087193e-02
0.000000000000000000e+00
-5.334056595244552647e-03
3.494936822295904681e-03
6.517690875232774305e-04
1.586741889985895547e-03
1.833516685001833509e-04
7.175226586102719135e-03
-1.860984460779752504e-04
1.801477211313276885e-03
-2.795117860803130664e-04
4.760544606302961196e-04
2.511437749440280365e-02
6.383909051158723202e-03
-7.230851633636850399e-03
3.260363297624592569e-03
-1.183647455157971337e-03
2.907249366969896082e-03
7.392348918868970904e-04
1.986276634163958252e-03
4.321044405626551024e-03
1.021355617455895924e-03
-1.863932898415656975e-03
7.908950617283951046e-03
7.040216028546629652e-03
-9.114939385653085709e-04
4.795512124502352910e-03
4.114850036576444756e-03
-3.180083590768671611e-03
-3.635372171226029445e-03
1.875644752883803845e-04
6.276554654306681913e-03
5.582953382339257784e-04
-1.207953911912283858e-03
0.000000000000000000e+00
-9.198785760279643182e-04
-1.826317231303077430e-04
4.748982360922659497e-03
-7.144747287642233720e-03
1.843317972350230413e-03
-2.619760479041916001e-03
9.081002542680712344e-05
-1.010750712119819856e-03
-2.203613926840017594e-03
6.859077142348120153e-03
1.415230576682391384e-02
-1.947990543735224692e-02
8.467400508044030166e-04
6.574207492795389011e-03
0.000000000000000000e+00
2.338634237605238461e-03
-1.394181615391765086e-03
-6.520119225037258361e-04
-1.836210062431142083e-03
2.025182706700713077e-03
6.236806754941469702e-03
3.710575139146567560e-04
2.472893285143618232e-03
1.784280488892854002e-03
4.489136290177769958e-04
-9.459842966606754101e-05
1.743279199926598853e-03
6.577710956587107770e-03
3.191683385008207020e-03
-9.100009100009099684e-05
3.597437922260244073e-03
9.411764705882353472e-05
-8.552510575685120381e-03
-2.728873239436619552e-03
-5.587112394077661109e-04
3.265666372462488771e-03
2.142303218301667284e-02
-1.391336610704016399e-03
-4.544644448404918692e-03
3.265666372462488771e-03
1.057921184871727163e-03
2.216271123834149225e-03
-2.044229697082326595e-03
-2.020379479971890456e-03
3.257632166790766851e-03
3.709198813056379957e-04
1.858908820522353394e-04
-1.969696969696969543e-02
-3.725782414307004468e-04
-8.189262966333029758e-04
0.000000000000000000e+00
6.118959776837937931e-03
3.099927060539752182e-03
1.268711208470244683e-02
3.200602466346606605e-03
-2.805836139169472741e-04
2.372695747399160542e-03
-2.296738631143775689e-03
3.332432675853373022e-03
3.142959770114942594e-03
1.477923517457971564e-03
-3.741217264348937078e-03
-3.725782414307004468e-04
-1.854427445526193917e-04
7.930214115781126106e-04
-1.510859301227573080e-03
5.583992554676594014e-04
-1.270417422867513605e-03
-6.551853238487457490e-04
-4.452756256122539723e-04
-6.304386432250044282e-03
1.855287569573283780e-04
6.515264333581534352e-04
1.915010031004924299e-03
1.397298556124825387e-03
2.963894377582180703e-03
2.201430930104567897e-03
-4.687792987061691259e-04
9.961963412425285658e-04
7.432871875871039724e-04
-5.346164127238706154e-04
0.000000000000000000e+00
-8.919015340706385820e-05
-1.171981466339602068e-02
3.534554925123244151e-03
9.680542110358180373e-04
-6.365849091930350298e-03
-1.129747110454505958e-03
1.904036557501904026e-03
2.812675792237014864e-03
8.291110087517273132e-04
1.932876471621859009e-03
3.494936822295904681e-03
-1.495031219769589210e-03
1.457460375296046676e-03
6.361901299645550878e-04
-6.195238516682892481e-04
2.728761142441331420e-03
1.232068995863768411e-03
-9.298865538404314909e-05
-2.782157099137531138e-04
-1.001547846672129743e-03
4.613297150610583611e-03
1.305848335043372898e-03
3.762848751835536163e-03
1.706484641638225273e-03
