6.033476060724017251e-03
-8.889679082585118589e-04
-1.914608462569404590e-03
-7.286711871268090196e-03
7.166790766939687245e-03
3.629932985852569061e-03
1.517594612539125472e-03
2.900870261078323294e-03
9.240436148586213629e-05
3.806734992679355802e-03
-1.293063637203288076e-03
-1.375768137209942149e-02
2.050981541166129601e-03
-6.356701779876498641e-04
1.277863182167563415e-02
-4.527698863636363952e-03
-8.901799100449775404e-03
-5.373355567908097083e-03
1.194353963083604787e-02
6.718597857838364343e-03
-8.096437567470313309e-04
6.799369333858888871e-03
-3.015611364297488689e-02
1.016470588235294202e-02
3.997201958628959989e-04
1.435818895376663167e-03
6.943765281173594137e-03
2.433360258481421720e-02
7.478106858211158378e-03
-6.334499385459014913e-03
-1.055461515483421299e-02
-1.005434782608695572e-02
4.669120948190715742e-03
-2.731174404994147435e-03
6.718597857838364343e-03
-6.837940802969620516e-04
9.001710324961742201e-05
-6.022962544701675018e-03
6.220138826286847160e-03
4.151726740894508619e-03
-1.970535798066998159e-03
9.007386056566384427e-05
2.142996298460939000e-03
1.030732860520094593e-02
4.114841485083699929e-03
-1.989497071298727479e-02
1.423761423761423818e-02
-5.119289094948324334e-03
-1.764649467728013690e-02
-9.333600963468486472e-03
1.435180813898593102e-02
8.542194686942644610e-03
5.384829635131370938e-03
-2.386872202884137394e-03
2.849814762040467180e-03
1.073916408668730733e-02
8.321775312066574627e-04
5.105046141763204710e-03
-9.146620323790359813e-04
-2.786015997124112638e-03
-6.641273561871276557e-03
6.263982102908277790e-03
1.778884639331139461e-04
2.437923250564334298e-03
-1.079816431206694852e-03
1.801477211313276885e-04
8.133387555917038700e-03
-3.312147524841106434e-03
-4.104860528034331643e-03
3.039235616995324130e-02
-1.929756850636819854e-04
-1.386193512614360872e-03
-3.962439376741306446e-02
-1.776988005330963931e-03
4.488330341113106088e-03
-8.262994224788983502e-03
7.354310184323217467e-03
-4.004004004004003969e-03
1.802704056084126084e-03
-7.021598080170651790e-03
1.361887930138267963e-02
1.011652063950862698e-02
-2.594551441971858913e-03
-2.381430868167202716e-02
4.275128253847615238e-03
-1.375768137209942149e-02
-3.332304844183894138e-02
1.521933751119068905e-03
-3.726196603190942008e-02
9.377159214292765319e-03
-5.563531945441493355e-03
6.988188976377952659e-03
6.492335437330928535e-03
-3.101302741590511447e-02
0.000000000000000000e+00
2.307550304596640237e-03
-1.544612029801926230e-03
2.372695747399160542e-03
3.343877089923181188e-03
4.332995298239144394e-03
-6.218202374222724788e-03
6.988188976377952659e-03
-5.629770992366412222e-03
-1.873536299765807961e-03
2.177205603937902492e-03
5.364409914909359749e-03
-5.328258801141769890e-03
3.689320388349514711e-03
3.287247413709755341e-03
-1.036464713087722686e-02
1.170117011701170013e-03
9.194761772081359863e-03
-2.161231710815721477e-02
-3.938946331856228722e-03
-2.275002275002275219e-03
-4.743641501816713880e-03
2.134092121643250788e-03
-1.253806197384918410e-03
-1.375768137209942149e-02
-1.396877567789646737e-02
2.348316871598467998e-02
-4.248890567462940311e-03
3.020242047766948795e-02
-1.614639397201291654e-02
2.207505518763796908e-03
-8.382991617008382981e-03
-6.528243721098921440e-03
-6.851243547630220601e-03
7.156275158779855502e-04
1.907530202561540621e-03
4.618937644341801312e-03
4.382892921574869927e-02
3.972653362897265658e-03
8.169634661281439600e-03
3.061792540359992675e-03
-2.689092557155806085e-02
7.664647993943981934e-03
-5.769996020692399509e-03
3.616459779102727031e-03
4.931408589617143276e-03
2.249010435408420328e-03
-2.978961087320796883e-03
5.310053100531005738e-03
2.686727565824825552e-04
-2.843332385555871256e-04
-9.853099247581510994e-04
-4.768321758059500433e-03
2.389112903225806481e-02
2.645744001459721020e-03
1.261771966718478605e-02
5.823627287853577403e-03
-2.381430868167202716e-02
9.918845807033362799e-04
-4.734756981350855300e-03
-3.938946331856228722e-03
-4.892458229483984469e-03
-1.848428835489833563e-04
4.740684554849720206e-03
-8.027292795504716028e-03
7.488087134104833183e-03
3.533240353324035386e-03
-3.231117513891747228e-02
-9.304652326163080980e-03
-5.965832052788574633e-03
-5.539654694857353489e-04
-1.162481142958558811e-02
-6.837940802969620516e-04
1.030732860520094593e-02
1.030732860520094593e-02
4.465895831123369020e-02
8.542194686942644610e-03
-2.871088142405971936e-03
4.284250721803111069e-03
3.855115441643719443e-02
-8.183613959175994879e-03
1.201700868922166848e-03
8.951750067138125643e-05
1.174863387978142097e-02
1.571454982436679658e-03
3.577177606868181103e-03
8.169634661281439600e-03
4.551617276777067400e-03
1.003882943460555031e-02
1.194353963083604787e-02
5.620985010706638051e-03
-8.010036672457055210e-03
9.194761772081359863e-03
4.370961611554541847e-03
4.691563507749921952e-02
7.466213023343729049e-03
1.616814874696847126e-03
2.240143369175627130e-03
-3.230148048452220928e-03
-3.141549232564401755e-03
1.345895020188425315e-03
8.544652701212789025e-03
7.177462766911897173e-04
1.211876388608362038e-03
-1.610017889087656624e-03
-6.641273561871276557e-03
