2.358305164688310779e-04
3.329171868497711267e-04
6.974203848416099527e-03
1.136271406541676738e-03
-1.157811260904044459e-02
5.880318228986510139e-03
-3.969829297340214213e-04
2.171814671814671811e-03
1.605136436597110741e-04
-8.225915875169607233e-03
1.915389740173217836e-03
-3.352891869237217349e-04
-1.253669761167975835e-02
1.018409714061888028e-03
-9.322247417485511958e-03
3.502334889926617817e-03
2.005133140840551983e-03
3.390925238172129950e-03
3.055644901897716387e-03
-1.905366783105747917e-03
2.410219329959026151e-03
3.620442872779321229e-03
-1.021851910077032017e-03
7.398688414326550986e-03
-4.766444232602478400e-04
4.368251875051512231e-03
-9.180437322650642374e-04
1.605136436597110741e-04
1.443348568679336157e-03
-6.061109266024576787e-03
8.493290300662476272e-05
3.733766233766233709e-03
3.951904481627848721e-03
-2.347969006809110177e-04
5.847029077117572859e-03
5.791505791505791208e-03
-7.713717693836978466e-03
5.903874937635123984e-03
-2.241467142129393783e-02
5.660377358490565648e-03
6.574081682964910602e-04
-9.569776150453524963e-03
-2.407638024076380352e-03
-2.249999999999999830e-03
-4.355892554650318826e-03
2.329504377861675579e-03
4.571523564126008139e-03
2.520796571716662354e-03
-1.138118852125843440e-03
-1.243399761539771761e-02
-4.002561639449247317e-04
5.931101722456938279e-03
1.564455569461827326e-04
4.580888853170456999e-03
-1.995676035256943245e-03
-1.825686616923321215e-03
5.791505791505791208e-03
6.791171477079796168e-03
-2.991591203104786503e-03
5.499838240051763139e-03
-4.862236628849270540e-04
3.217762046496661543e-04
-1.752775227443452129e-03
4.637539663168171837e-03
7.306171566099363759e-03
2.105617788259075366e-03
1.120203384444267911e-02
4.698144233027954156e-04
7.434301521438450508e-03
1.595834033260540991e-03
-4.569244828445626419e-03
5.524399430819452311e-03
-2.499375156210947467e-04
3.020907862310199567e-03
-1.861895895733829904e-03
3.271363600095747188e-03
5.508262393590385858e-03
2.479801615870730509e-03
4.453407276699437173e-03
1.723867732330355666e-03
9.426815924585472267e-03
1.017293997965412061e-02
-1.044699434834731912e-02
-4.165278240586471441e-04
2.441694030479077057e-03
-5.527638190954774211e-03
3.740959348241749104e-03
1.917145953154955444e-03
4.209108510817408805e-03
3.649043139798897103e-03
3.325573661456601368e-03
-2.829796088223054604e-03
8.364312267657991740e-03
-2.510250188268764080e-04
8.365400702693659386e-04
2.111760883690708135e-03
-3.984698756773987936e-04
4.052765416401780084e-03
4.927754113421865985e-03
9.214743589743589966e-03
-1.152073732718894008e-03
-4.926904127291817891e-03
4.556550040683482114e-03
3.521690411397470841e-03
4.202740186601664624e-03
-1.228695996829171598e-02
-4.350008365400702577e-03
6.360897221292266535e-03
8.338892595063374916e-05
3.910614525139665017e-03
1.383463541666666739e-03
2.161037297902993273e-03
6.453775877964965622e-03
2.225932109070673411e-03
8.580744808649390029e-03
5.325788466339352253e-03
-8.765638696310463357e-04
-9.046052631578947300e-04
8.037293039704228228e-05
3.505339528817151638e-03
1.860540365636628333e-03
-3.309614429918914490e-03
1.136732705423838807e-03
-2.384548128129719351e-04
-1.600128010240819292e-04
-5.013787916771120191e-04
5.168403824618829833e-04
-8.225915875169607233e-03
-8.137358613394092490e-05
-7.777421423989737057e-03
3.361627027481300716e-04
-3.984698756773987936e-04
-2.503337783711615579e-03
3.198653198653198578e-03
2.171814671814671811e-03
-1.670704201821067523e-03
1.000083340278356625e-03
2.094072164948453541e-03
-5.478165597120050571e-04
-5.020500376537528160e-04
-1.703301159866980278e-03
-6.130268199233716679e-03
-6.397113097678996246e-03
4.710632570659488601e-03
-8.137358613394092490e-05
8.008970046452026112e-05
-9.727792473760559291e-03
5.524399430819452311e-03
-9.907267971784100222e-03
5.539207200969360929e-03
2.190669371196754447e-03
-1.157811260904044459e-02
1.018170426065162851e-03
8.659059642308003860e-03
-1.662372205136730154e-03
3.471017007983339103e-03
1.530406766008860289e-03
-1.861594496155402623e-03
8.670060451797644702e-03
3.634014374545748230e-03
3.365114974761637505e-03
-3.149987884661982051e-03
7.505175983436853000e-03
7.219923744625618596e-03
1.245123267203453047e-03
2.247551773960507204e-03
1.663755095249979180e-03
2.980859742704738188e-03
3.206155819172811861e-04
-7.457739476300961684e-04
-2.354469432491677981e-03
4.545830233903628073e-03
-1.231506029248268137e-02
1.351566226745110543e-03
2.497086732145829997e-03
-7.054527346667773154e-03
5.295007564296520114e-03
4.612850082372323308e-03
1.996340043254034129e-03
-3.946595012175665648e-03
5.095108695652173988e-03
1.182092555331991889e-02
-4.051155770911112584e-03
2.167750541937635365e-03
1.691365979381443362e-03
2.180476350218047473e-03
1.358811040339702849e-03
8.353521009105337614e-04
1.693548387096774138e-03
3.976459360585334925e-04
1.325381047051027179e-03
4.052765416401780084e-03
8.313242996092775304e-04
1.974821031843989119e-03
3.258417578745091345e-03
6.152822815332169466e-03
-1.000763294037825511e-02
2.862140244871998543e-03
3.626243885984145772e-03
1.645381179973360447e-03
