-2.795527156549520650e-03
1.040505388331475212e-03
1.314670172453793204e-03
1.505457282649604923e-04
1.319696469811943232e-03
0.000000000000000000e+00
-1.795051900413642499e-03
1.550507791301651171e-04
1.545953466800649380e-04
-7.279881947860305201e-03
-7.525020693806908079e-04
-7.442137381856068503e-05
1.503307276007215948e-04
-7.686395080707148918e-05
1.549306685258346888e-04
2.989536621823617548e-04
1.161620072794857959e-03
-2.250178991510688471e-03
-4.569483021234656446e-03
-6.003752345215759845e-04
6.102677549774963763e-04
7.407956144899621536e-05
1.565435190983093222e-04
-1.502742505071755956e-04
7.710100231303006592e-04
7.530687551773476783e-05
-4.051658647758926007e-03
0.000000000000000000e+00
-1.155713074967254896e-03
-2.228660574994428465e-04
4.676174888940846453e-04
3.089041624835894449e-04
2.241984903968313216e-04
-8.965259618976466165e-04
-1.812962683184771119e-03
-6.817148916830783256e-04
4.513653802753328829e-04
0.000000000000000000e+00
-6.811473548777719194e-04
3.772676192005137465e-03
1.337097013816669145e-03
-2.999850007499624922e-04
3.806623524933384277e-04
0.000000000000000000e+00
-3.891656288916562722e-04
7.424456158586383893e-04
3.985651654045436619e-04
-2.125237191650853914e-03
-9.405568096313017242e-04
-3.907487591086704175e-03
5.184033177812337988e-04
2.290775809407452732e-04
0.000000000000000000e+00
2.002832288084159529e-02
3.408863043914176806e-03
7.628346937218705246e-04
-1.500262545945540602e-04
-2.460872133083965088e-03
-1.141645600587132053e-03
-2.738975623116954132e-03
9.007143596645615299e-03
0.000000000000000000e+00
9.643105676508599913e-03
-2.218114602587800438e-04
-2.397698209718670138e-04
-5.169485266966988802e-04
-2.956611722965481366e-04
0.000000000000000000e+00
6.700416914830255874e-04
-2.323600030981333811e-04
1.001695176452458043e-03
-7.531821947729155150e-05
3.847633705271258429e-04
-6.960556844547563298e-04
6.180469715698392544e-04
2.303616678184749978e-04
-2.672843905915894651e-03
-5.062009617818274097e-04
1.803426510369702347e-03
4.771751232702401910e-04
7.788768595685022201e-05
-1.380318285157518645e-03
-9.592326139088729227e-04
-5.493643070161670404e-04
7.517666516313336754e-05
-5.555555555555555551e-04
2.528231923141749491e-04
2.284669865204478018e-04
7.404116688879017281e-05
2.316960148285449527e-04
6.793478260869565029e-04
1.722922703422350961e-03
1.562500000000000033e-04
-3.006840562279184900e-04
1.003551026709896543e-03
1.706749418153607470e-03
-5.545432939871662581e-03
-4.252423881612519391e-04
0.000000000000000000e+00
2.379228302472328593e-03
0.000000000000000000e+00
-3.020007550018875288e-04
7.694083249980764819e-05
-7.619047619047619041e-03
7.957981855801369371e-05
-6.701913768709508905e-04
1.281181701710754333e-03
-3.025489751153467898e-04
-6.432655654383735364e-03
5.599104143337066105e-04
2.388344877000238905e-04
6.845668213280596591e-04
-3.074085459575776036e-04
7.872775940796724638e-04
2.836074872376630955e-04
-3.097173828881145952e-04
1.509433962264151031e-04
2.223869532987398148e-04
-7.818608287724784322e-05
-8.427827152926754958e-04
2.343933119774982551e-04
4.617515776512236660e-04
0.000000000000000000e+00
-5.272550292018170041e-03
7.639419404125286073e-05
-7.655795437145919956e-05
2.332633543270352342e-04
-6.252605252188411702e-04
3.006313257841466968e-03
-1.551831160769708245e-04
2.275312855517633607e-04
1.029008232065856468e-02
-1.531510835439160864e-04
-6.124167495981015395e-04
4.123031252576894604e-04
-3.833473894042781650e-04
7.970032677133976327e-05
-5.907546891153448408e-04
1.548826763726477080e-04
1.510459935050222709e-04
-1.472069419694739360e-03
2.316602316602316483e-04
2.778612195854610924e-03
-8.344079496321019128e-04
-4.558231406214388669e-04
0.000000000000000000e+00
0.000000000000000000e+00
-1.588814744200826314e-04
-8.525149190110826915e-04
-4.568991775814803678e-04
5.364806866952789681e-04
-7.695859627520393981e-05
3.005259203606311315e-04
-6.867607783288821573e-04
-4.765146358066712183e-03
-5.915847075353102133e-04
1.569242840329541022e-04
-1.628399283504315394e-04
-1.006503561474140574e-03
1.437542558825754754e-03
6.950880444856348582e-04
0.000000000000000000e+00
-1.371299507945470710e-03
6.155266599984611856e-04
4.629629629629629806e-04
-7.576905591756326276e-05
-2.415458937198067518e-03
7.378440197742196748e-05
3.140210394096404215e-04
-1.549306685258346888e-04
-3.909609820939870099e-04
1.574212893553223348e-03
-3.123535842573793705e-04
-1.579917493197577523e-03
7.275078813353811529e-04
-1.544878727019928922e-04
6.392045454545454940e-03
-7.710694733595496503e-05
-1.486436269044964743e-04
-7.479991024010770710e-05
-5.212599597885173713e-04
7.079367576496499882e-04
1.511917467093561087e-03
7.699414844471820290e-05
4.443786105762109490e-04
3.104866878832569831e-04
-7.570595805889923863e-04
1.522301720200943743e-04
4.566557576680112685e-04
-1.519295047098146334e-04
-2.193811937362886901e-03
-7.517101405697962249e-05
7.744733581164808020e-05
-1.438085126918251140e-02
2.238304857121539856e-04
-3.756291788746149809e-04
3.715538381511480936e-04
-3.257873193551081951e-03
7.607455306200075495e-05
-7.495128166691651032e-05
