4.853583562530334994e-04
1.659613310098747077e-04
3.232062055591467258e-04
2.405388069275176365e-04
2.595155709342560741e-04
-3.936670945656825168e-03
6.864006864006863854e-04
4.031282754172377833e-04
-8.109642364771713779e-05
-1.663616702711695288e-04
1.666527789350887555e-04
-6.854596864021934638e-04
-8.310479514667996762e-05
-1.591216485002784576e-04
1.286008230452674898e-03
-2.512983749371753878e-04
1.709401709401709400e-04
-1.697648756472285914e-04
-8.291873963515754764e-04
3.254943445357636996e-04
7.826563356030367708e-05
2.387964658123059862e-04
-8.351428094204108856e-05
3.236245954692556679e-04
0.000000000000000000e+00
8.481764206955046560e-05
-3.223466838584897946e-04
8.016032064128255957e-05
-3.336670003336670155e-04
-4.772130756382724870e-04
3.658217925267833771e-03
-5.479881008298105507e-04
-4.990019960079839900e-04
-5.683663527119194037e-04
2.833834263632460399e-03
-1.571956299614870841e-04
1.509134233518665642e-03
-8.076892011953800158e-04
3.207184092366901639e-04
3.982159923542529650e-04
1.607846289894686071e-04
-2.021222839818090106e-03
1.702272533832666611e-04
1.572450664360405641e-04
-2.510250188268764080e-04
1.462225832656376947e-03
2.472187886279357451e-04
-3.348961821835230962e-04
-8.018603159329644112e-05
3.304965710980748653e-04
-8.355614973262031600e-05
-2.495425054067542661e-04
-8.288437629506837561e-05
0.000000000000000000e+00
1.872499787215933190e-03
-4.312575470070726075e-04
3.214917215881691291e-04
0.000000000000000000e+00
-7.940289026520565426e-05
8.093234056328909405e-05
-1.565925461948011331e-04
6.682816807284270308e-04
-1.544931765513689803e-03
-1.622323166774821443e-04
-4.018323555412681635e-04
-1.660715768496221899e-04
-8.343066911396629338e-05
1.605394124257505223e-04
8.122816992933148614e-05
4.020262121090294942e-04
-6.421576497030020893e-04
7.930214115781126377e-05
2.408091186386257835e-04
-8.304268393954493009e-04
4.152134196977246504e-04
-8.045052292839903225e-05
2.485501242750621348e-04
4.786979415988511233e-04
0.000000000000000000e+00
0.000000000000000000e+00
4.169446297531687593e-04
0.000000000000000000e+00
-1.671541997492686994e-04
-4.186903366270306576e-04
2.378875584806914559e-04
0.000000000000000000e+00
-8.466683600033866311e-05
-2.501876407305479049e-04
-1.602564102564102563e-04
4.050879040751843374e-04
2.509410288582183002e-04
0.000000000000000000e+00
6.705221691392171737e-04
-1.837314180724904057e-03
8.037939072421830923e-04
0.000000000000000000e+00
8.283631544068919867e-05
-8.016032064128255957e-05
-4.053177691309987267e-04
1.087866108786610846e-03
0.000000000000000000e+00
0.000000000000000000e+00
4.694468351459197501e-04
-2.529297698339094463e-04
1.720282126268707953e-04
-8.368901163277261707e-05
-1.675884028825205395e-04
-5.044984444631295294e-04
0.000000000000000000e+00
8.333333333333333055e-05
3.462903644706086075e-04
-1.627074520013016481e-04
1.600640256102440866e-04
-3.977408320738207029e-04
-1.667083437526048083e-04
1.607717041800643123e-04
-1.597699312989295294e-04
-7.885813421654443655e-05
-1.285656890317396451e-03
7.311723129417499727e-04
8.304268393954492738e-05
-2.419354838709677417e-04
-1.503131524008350815e-03
0.000000000000000000e+00
1.715560130382569792e-04
1.717770334106330033e-04
1.668474180362058816e-04
-3.978041212506961441e-04
0.000000000000000000e+00
-3.336670003336670155e-04
-6.666666666666666444e-04
-5.034824200721658288e-04
0.000000000000000000e+00
5.873468702802483489e-04
6.684491978609625280e-04
-1.616031027795733629e-04
5.481597494126859817e-04
-1.666388935177470548e-04
0.000000000000000000e+00
2.406545804588480645e-04
0.000000000000000000e+00
0.000000000000000000e+00
7.971938775510203445e-05
-7.195394947233770076e-04
2.012241133562505356e-03
-2.410800385728061794e-04
0.000000000000000000e+00
2.350360388592917515e-04
0.000000000000000000e+00
0.000000000000000000e+00
