1.390699695784441579e-03
1.085529195482797839e-02
-5.319605319605319460e-03
3.717301514456172740e-02
2.130303568258476790e-03
2.821011673151751012e-02
8.067718674887658370e-02
-4.600047099458356298e-02
1.862083077552690799e-02
-1.648804616652926717e-04
1.085529195482797839e-02
-6.429070580013976355e-02
1.520131470829909695e-02
2.612120237903874098e-02
4.579375848032564422e-03
3.358133923185199765e-02
3.886524822695035242e-02
2.108197578186253238e-02
-2.635277582572030999e-02
-1.513067400275103225e-02
1.862630966239813696e-02
-3.142458100558659373e-03
-1.185436071126164202e-03
3.331727681438664129e-02
-3.503211991434689726e-02
2.433129229777634614e-02
1.231890344408779342e-02
3.613471184358685306e-02
-1.978891820580475081e-02
-4.750697350069735259e-02
3.284072249589491078e-04
-3.465298615816474886e-02
6.104799050364592000e-03
1.600349803235679921e-02
3.541995440995966693e-02
-4.036638619661305633e-02
1.085529195482797839e-02
1.540091264667535834e-02
2.647861692447679716e-02
1.658586374075018965e-02
-5.540361022114557998e-02
8.571671051514894238e-03
2.387799564270152650e-02
3.056042031523642857e-02
1.781809346399935295e-02
8.455882352941176960e-02
6.320579807854373455e-03
3.717301514456172740e-02
-5.731142014327854708e-03
-5.540361022114557998e-02
-2.630011064771469939e-02
2.362923090958854097e-02
8.067718674887658370e-02
2.216930782494457713e-02
-5.339519190215099437e-02
3.541315345699831696e-02
3.593030603954139313e-02
-3.574196882266816172e-02
9.385821031529068340e-03
3.432356483340023856e-02
2.960081190798376054e-03
4.938678080500452823e-03
2.876911871813547100e-02
-3.061224489795918297e-02
8.927774305865547599e-03
1.134788634788634794e-02
1.763730027067143824e-02
4.821600771456123480e-03
4.821600771456123480e-03
-2.008664828672705738e-02
-9.163838321505708706e-02
4.061230865354576933e-03
1.478449716004009290e-02
3.190184049079754919e-02
4.938678080500452823e-03
1.943355119825708119e-02
-3.120687825071648616e-02
-5.731142014327854708e-03
-4.600047099458356298e-02
1.326745356391252628e-02
-5.684360382346959756e-02
1.131341700547993691e-02
6.266786034019695799e-03
9.854443540367055845e-03
2.058456603101051566e-02
1.937327024372823697e-02
1.013705295596464134e-02
1.285422806619814229e-01
2.242353574311597292e-03
2.250313788775327312e-02
-2.367346938775510227e-03
1.492144299131045390e-03
-2.218570254724733064e-03
3.664400596915934338e-02
1.665756417258328764e-02
3.593030603954139313e-02
-1.300769843376692325e-02
4.792893296147092419e-02
1.679980235526640914e-02
-3.408001394578575455e-02
5.829483410331793430e-02
-2.730762519630082139e-02
1.999834038668990219e-02
1.540091264667535834e-02
8.571671051514894238e-03
8.637236084452975388e-03
-5.923809523809523553e-02
4.874019000413052499e-02
1.665756417258328764e-02
3.428945155563860314e-02
-5.553884711779448480e-02
-1.228542578256479334e-02
-6.154923939151320939e-02
3.682001049501486961e-02
1.444426309776399540e-02
2.203435560751866237e-02
-1.666536264768014863e-02
5.780943532569422783e-02
-5.440273568042278823e-03
1.398665325898162601e-02
1.929203539823008684e-02
-1.666536264768014863e-02
-6.737183152277491371e-02
-5.319605319605319460e-03
2.805611222444889807e-02
6.406785778740299586e-03
1.918054930211616355e-02
1.319952987975770743e-02
3.284072249589491078e-04
4.992253399896712414e-03
-5.811874105865521938e-03
2.387799564270152650e-02
2.235922729140978060e-02
1.904171463997874486e-02
-4.420526619258120099e-02
-5.421979947435023872e-02
3.973509933774834607e-02
3.900990099009900985e-02
-5.440273568042278823e-03
-2.949424620442897202e-02
1.551673660583585516e-02
5.896702557200538680e-02
3.935300983825246179e-02
5.930262153219648807e-02
2.118606506515379947e-02
-2.408681842244573754e-02
5.930262153219648807e-02
1.814911706998037846e-02
3.973509933774834607e-02
3.139963167587477011e-02
4.607599431818181629e-02
-5.196354033563335521e-03
1.131341700547993691e-02
-6.154923939151320939e-02
7.813827076609478062e-03
-9.202831640504770261e-02
-6.737183152277491371e-02
2.059059863398955345e-02
9.053335957488682986e-03
-1.768731668296151527e-02
4.579375848032564422e-03
-2.635277582572030999e-02
1.779239396239143400e-02
-5.923809523809523553e-02
1.357840702102997184e-02
3.973509933774834607e-02
3.449534586603394959e-02
-9.724990035870864635e-03
5.055229376057319285e-02
3.131416837782340784e-02
4.992253399896712414e-03
5.659995957145744737e-03
9.665763324299908935e-03
3.250175685172171283e-03
-4.633272139173004629e-03
2.362923090958854097e-02
-5.581828048685944649e-02
7.747049815331951902e-03
6.430351257937464305e-04
-1.979381443298968909e-02
4.962406015037593848e-02
6.941478000854335757e-03
-4.633272139173004629e-03
3.593030603954139313e-02
1.763730027067143824e-02
6.237444756930494300e-02
4.874019000413052499e-02
-9.163838321505708706e-02
6.430351257937464305e-04
3.717301514456172740e-02
4.188306248952923527e-03
8.571671051514894238e-03
-2.513250128227047242e-02
1.918054930211616355e-02
6.196417961123843778e-03
2.610477548111190399e-02
3.295926482283290798e-02
1.019627835839918492e-03
1.085529195482797839e-02
1.038918205804749417e-02
