-8.334027835652970523e-05
-4.310716441072506020e-04
-1.117702691084171591e-03
0.000000000000000000e+00
5.111167901865576154e-04
4.920356934367442654e-03
-1.749934377460845214e-04
-6.668333750104192331e-04
8.280202036929701283e-05
5.185377236193932596e-04
0.000000000000000000e+00
-2.519314746388982233e-04
-1.022930696445315934e-03
-2.729909571745436133e-03
8.464533604198408315e-04
4.211590296495957100e-04
2.542157444284382905e-04
-1.353179972936400643e-03
1.168126825198164374e-03
-7.782774126599792831e-04
2.544313459418200076e-04
8.693384334521428751e-04
1.539119281744335144e-03
0.000000000000000000e+00
8.528057308545113416e-05
4.999583368052661850e-04
8.601410631343539765e-05
1.085594989561586591e-03
0.000000000000000000e+00
3.313452617627567947e-04
2.610966057441253189e-04
9.709594845087828052e-03
-2.490660024906600121e-04
-5.870513250587051056e-04
2.398081534772182090e-03
9.237487403426267825e-04
1.711742553919890354e-04
7.436787307882994531e-04
2.563007261853908416e-04
3.479773814702044566e-04
-6.615944426066821486e-04
-9.959332724707443789e-04
0.000000000000000000e+00
-8.302889405513118998e-05
-1.723098130438528415e-03
-8.322929671244278166e-05
1.292880537838303782e-03
8.347245409015025019e-05
1.679402132840708735e-04
-1.024502689319559384e-03
5.881858667338878610e-04
2.356505638781349922e-03
3.336113427856547209e-04
5.985463873450192710e-04
-3.304965710980748653e-04
-6.665000416562525494e-04
1.502002670226969304e-03
-3.240385435320201034e-03
7.781428324399100854e-04
1.665417603464068520e-04
-1.655355073663300675e-04
-1.707796089146955746e-04
-8.402655239055541452e-05
-2.562350529552443043e-04
-1.997835678015483056e-03
2.914723517654896519e-03
1.076069861766409995e-03
-7.761296998965160369e-04
-3.454828122300915446e-04
1.103104705987011797e-02
0.000000000000000000e+00
1.534788540245566203e-03
6.765899864682003214e-04
1.121656600517687615e-03
1.561144839549002570e-03
5.874454514937898619e-04
-2.605698915693031859e-03
9.608665269042627327e-04
8.458805616646929983e-05
4.384855384096466441e-03
8.517162081594412647e-04
-2.515090543259557556e-04
3.442340791738382325e-04
-3.341129301703975904e-04
-3.658739397971062617e-03
1.248543366072914999e-03
-1.830739785304152500e-03
5.791346074294697081e-04
-3.934254240251792295e-03
-1.424501424501424572e-03
0.000000000000000000e+00
-5.975755506231859512e-03
2.103314824162880528e-03
-1.663616702711695288e-04
0.000000000000000000e+00
-2.505399568034557059e-03
6.110335195530726318e-04
1.632442649712174693e-03
0.000000000000000000e+00
2.162881623824972760e-03
1.032880013771733446e-03
4.283591223009004280e-03
2.685690306336550436e-03
1.726966583196615213e-04
1.123692626847609980e-03
-1.017207764685937191e-03
1.851540144756774970e-03
-1.657138122462507314e-04
-1.133490278141075945e-03
1.171450087858756607e-03
0.000000000000000000e+00
6.749915626054674243e-04
-5.375885314446625374e-03
-8.509914049868096565e-04
-3.906589113638336830e-03
-4.330129037845327619e-04
2.167569820758649245e-03
-9.942828734775042802e-04
-1.540436456996148885e-03
1.087502091350175644e-03
1.278881405064370442e-03
9.463179628355127210e-04
9.520512376666089233e-04
0.000000000000000000e+00
-1.230959971661353160e-02
-2.236024844720496760e-03
2.558898791140915788e-03
1.662372205136730099e-04
1.680389850445303387e-03
5.108556832694764261e-04
-1.173905752138185545e-03
-2.486943546381497261e-04
-6.898930665746808976e-04
1.838235294117647033e-03
-1.206272617611580137e-03
-9.120305115662051760e-04
4.972650422675285514e-04
-2.508361204013377665e-04
5.978307284994448375e-04
-1.773948302078053778e-03
-2.490453262493773790e-04
9.405728943993159818e-04
2.587768480979901688e-04
-4.268761205498164640e-04
1.676586469947187593e-04
5.228758169934641029e-04
1.086048454469506997e-03
-1.502128014687473820e-03
0.000000000000000000e+00
-8.283631544068919867e-05
1.623515337947534828e-03
8.655760408551891672e-05
4.226185445017327492e-04
3.332500208281262747e-04
-1.462617224468725765e-03
4.211945076236206075e-04
-6.076388888888888985e-04
5.870513250587051056e-04
8.398421096833794716e-05
-2.758382898026032204e-03
1.946019121753109335e-03
-1.110731373889268722e-03
-4.197447951645399511e-04
3.467706978760294687e-04
1.089324618736383548e-03
5.944798301486199556e-04
-7.501875468867217050e-04
-5.805274506551666739e-04
-5.114217524718717807e-04
1.733402669440111028e-04
4.168751042187760609e-04
-3.313452617627567947e-04
-1.896061363440489610e-03
9.198093486077430977e-04
-1.315673289183223044e-02
2.264150943396226520e-03
5.028073409871784607e-04
-6.703536115300821581e-04
-6.879353340785965797e-04
-3.317299718029524083e-04
-8.308408109006314808e-04
-1.034037052994399037e-03
-5.971677188193140863e-04
2.558853633572159727e-04
9.424263193968471924e-04
2.587768480979901688e-04
8.325008325008325001e-05
1.590357411902569703e-03
-8.605111436193098328e-05
0.000000000000000000e+00
-1.723989311266270127e-03
2.227553118574366210e-03
-6.655574043261231441e-04
-1.001418676458316025e-03
-1.698081168279843775e-04
-8.528784648187632883e-04
1.488218272013228701e-03
-6.049761417859577523e-03
4.158004158004158235e-04
-4.162850720173174733e-04
