1.144086021505376360e-02
1.624312287136494767e-02
3.350674543691032400e-03
1.624312287136494767e-02
1.635534131014891980e-03
6.849315068493150305e-03
1.144086021505376360e-02
2.055697092154967764e-02
1.527593818984547547e-02
1.139850942569048745e-02
1.145405263618081738e-02
1.489138051857042712e-02
7.627494456762749439e-03
1.168819755690306619e-02
1.287102705542421920e-02
1.145405263618081738e-02
1.145405263618081738e-02
5.683331853298996365e-03
1.624312287136494767e-02
1.168819755690306619e-02
1.528918399440852734e-02
9.551673694174339646e-03
1.527593818984547547e-02
1.624312287136494767e-02
1.139850942569048745e-02
1.691746060012465358e-02
3.350674543691032400e-03
9.551673694174339646e-03
1.168819755690306619e-02
1.168819755690306619e-02
2.367974265034402531e-02
1.589980458340735370e-02
1.144086021505376360e-02
1.854140914709517807e-02
1.527593818984547547e-02
1.734002288530939184e-02
6.414701803051317368e-03
1.854140914709517807e-02
1.589980458340735370e-02
7.627494456762749439e-03
1.691746060012465358e-02
1.126609442060085876e-02
1.145405263618081738e-02
1.854140914709517807e-02
1.589980458340735370e-02
2.284910800597591933e-03
3.350674543691032400e-03
2.765261948935418199e-02
2.284910800597591933e-03
1.589980458340735370e-02
1.624312287136494767e-02
1.527593818984547547e-02
2.765261948935418199e-02
1.691746060012465358e-02
1.139850942569048745e-02
1.589980458340735370e-02
9.551673694174339646e-03
2.367974265034402531e-02
1.168819755690306619e-02
1.358430258368108039e-02
2.055697092154967764e-02
1.734002288530939184e-02
1.168819755690306619e-02
6.849315068493150305e-03
2.765261948935418199e-02
5.683331853298996365e-03
2.367974265034402531e-02
3.350674543691032400e-03
1.139850942569048745e-02
1.344273743016759746e-02
2.475685234305924007e-02
1.589980458340735370e-02
1.854140914709517807e-02
1.691746060012465358e-02
3.350674543691032400e-03
6.414701803051317368e-03
3.350674543691032400e-03
3.350674543691032400e-03
5.683331853298996365e-03
9.551673694174339646e-03
1.358430258368108039e-02
1.589980458340735370e-02
1.691746060012465358e-02
3.350674543691032400e-03
6.849315068493150305e-03
1.358430258368108039e-02
1.734002288530939184e-02
1.635534131014891980e-03
2.765261948935418199e-02
3.350674543691032400e-03
9.551673694174339646e-03
7.627494456762749439e-03
1.626016260162601798e-02
2.475685234305924007e-02
9.551673694174339646e-03
1.126609442060085876e-02
1.489138051857042712e-02
6.414701803051317368e-03
1.344273743016759746e-02
3.350674543691032400e-03
1.626016260162601798e-02
1.527593818984547547e-02
1.528918399440852734e-02
1.624312287136494767e-02
1.145405263618081738e-02
1.287102705542421920e-02
1.734002288530939184e-02
5.683331853298996365e-03
6.849315068493150305e-03
1.168819755690306619e-02
1.126609442060085876e-02
5.683331853298996365e-03
5.683331853298996365e-03
1.528918399440852734e-02
7.627494456762749439e-03
1.489138051857042712e-02
7.627494456762749439e-03
1.734002288530939184e-02
2.475685234305924007e-02
1.651131824234354159e-02
1.145405263618081738e-02
2.765261948935418199e-02
1.344273743016759746e-02
1.854140914709517807e-02
3.350674543691032400e-03
1.145405263618081738e-02
2.367974265034402531e-02
1.651131824234354159e-02
3.350674543691032400e-03
1.651131824234354159e-02
1.139850942569048745e-02
1.344273743016759746e-02
2.284910800597591933e-03
1.527593818984547547e-02
9.551673694174339646e-03
1.358430258368108039e-02
1.358430258368108039e-02
2.367974265034402531e-02
1.691746060012465358e-02
6.414701803051317368e-03
7.627494456762749439e-03
1.358430258368108039e-02
1.287102705542421920e-02
2.055697092154967764e-02
1.489138051857042712e-02
3.350674543691032400e-03
1.624312287136494767e-02
1.589980458340735370e-02
1.126609442060085876e-02
6.414701803051317368e-03
2.284910800597591933e-03
1.691746060012465358e-02
1.144086021505376360e-02
1.144086021505376360e-02
2.475685234305924007e-02
6.414701803051317368e-03
2.765261948935418199e-02
1.854140914709517807e-02
1.624312287136494767e-02
1.626016260162601798e-02
1.651131824234354159e-02
1.527593818984547547e-02
3.350674543691032400e-03
1.651131824234354159e-02
1.168819755690306619e-02
1.287102705542421920e-02
1.691746060012465358e-02
1.528918399440852734e-02
1.854140914709517807e-02
3.350674543691032400e-03
1.691746060012465358e-02
1.626016260162601798e-02
6.849315068493150305e-03
1.126609442060085876e-02
2.284910800597591933e-03
1.527593818984547547e-02
1.624312287136494767e-02
6.849315068493150305e-03
1.139850942569048745e-02
1.734002288530939184e-02
1.635534131014891980e-03
7.627494456762749439e-03
1.691746060012465358e-02
1.734002288530939184e-02
1.589980458340735370e-02
5.683331853298996365e-03
1.626016260162601798e-02
1.635534131014891980e-03
1.691746060012465358e-02
2.055697092154967764e-02
1.635534131014891980e-03
1.626016260162601798e-02
1.589980458340735370e-02
1.168819755690306619e-02
1.139850942569048745e-02
1.489138051857042712e-02
3.350674543691032400e-03
7.627494456762749439e-03
2.284910800597591933e-03
1.635534131014891980e-03
