-1.566820276497695851e-03
2.541786173474433821e-02
1.597202532841886236e-02
1.159232124640638059e-02
3.326242506285051470e-02
2.029943969872324838e-02
3.968414658837821768e-02
1.609302325581395479e-02
2.021018593371059179e-03
6.875687568756875916e-03
1.419129082426127605e-02
7.118424701858186085e-03
-1.800180018001800103e-03
3.155384333149880566e-02
7.079817670449035233e-03
-2.057317401850687275e-02
8.714596949891068381e-03
3.581039122334920416e-02
3.581039122334920416e-02
-4.805980776076895951e-03
-1.566820276497695851e-03
7.333214094079771109e-03
2.690824289173916989e-04
-8.981498113885395774e-04
1.027552968991543234e-02
6.118409213604463111e-03
-9.861932938856016271e-04
8.714596949891068381e-03
8.273635354656442772e-03
1.027552968991543234e-02
-2.473886750962067064e-03
-4.569073642716359185e-03
3.510103405748980082e-03
2.513690636502378863e-03
3.691033489377025696e-03
-1.574803149606299191e-02
7.333214094079771109e-03
4.774344653634807548e-03
-2.405894886363636395e-02
-1.054984354045596789e-02
-8.921402444464269740e-05
-1.896094046264694627e-04
4.219409282700421586e-03
-2.418054809242342618e-03
4.774344653634807548e-03
-9.861932938856016271e-04
3.510103405748980082e-03
2.902883595332240302e-02
7.118424701858186085e-03
7.204322593556133913e-03
6.670649143767423163e-03
1.689282747161451048e-02
-5.190621084660819451e-03
1.186914023538799060e-02
2.819424799622819583e-02
1.419129082426127605e-02
-3.224650662844858340e-03
-2.473886750962067064e-03
2.026143790849673290e-02
7.305194805194805026e-03
-1.291409320606400936e-02
-3.224650662844858340e-03
1.368363437328954518e-02
2.239532619279454781e-03
4.219409282700421586e-03
1.159232124640638059e-02
5.737625206651755273e-03
3.510103405748980082e-03
1.186914023538799060e-02
4.828610845802822765e-02
6.875687568756875916e-03
1.217936888724856920e-02
2.069797661035827074e-02
-5.859196191522475505e-03
9.673852957435046321e-03
8.273635354656442772e-03
7.333214094079771109e-03
-3.224650662844858340e-03
1.970211161387631915e-02
3.581039122334920416e-02
-4.875356452948211017e-03
-8.236478447881394500e-04
2.254545454545454561e-02
2.254545454545454561e-02
4.770047700477004875e-03
-5.159958720330237378e-03
1.970211161387631915e-02
8.714596949891068381e-03
-2.739726027397260295e-03
6.670649143767423163e-03
-1.566820276497695851e-03
1.374668183541903621e-02
1.898438230618161582e-02
1.074387690066466380e-02
-5.450321658327376279e-03
1.796632489888063192e-02
4.318869828456105286e-02
2.498860009119927006e-02
3.600360036003600207e-03
9.435742592942064156e-04
2.819424799622819583e-02
7.079817670449035233e-03
-8.941344778254649468e-04
2.544227612620827972e-02
4.770047700477004875e-03
1.367766618842659009e-02
7.082538817760828005e-03
-1.655184754406370182e-02
2.572815533980582492e-02
4.318869828456105286e-02
2.636070548075099620e-02
1.368363437328954518e-02
3.968414658837821768e-02
7.253604134554356674e-03
2.328817962516236892e-02
6.141145676029397156e-03
1.085468413847056474e-02
4.968487394957982889e-02
2.513690636502378863e-03
2.681433984261148359e-02
-1.892326615573848136e-03
6.118409213604463111e-03
8.443798801525331105e-03
3.326242506285051470e-02
2.147637598641494519e-02
2.999810138598823020e-02
-8.341143392689783984e-03
1.596861027466009789e-02
9.673852957435046321e-03
9.435742592942064156e-04
4.403306973400431500e-03
-5.450321658327376279e-03
1.609302325581395479e-02
3.155384333149880566e-02
2.069797661035827074e-02
-1.302640970735189155e-02
7.790114613180515804e-03
-8.941344778254649468e-04
2.544227612620827972e-02
3.163698815872729130e-03
2.085448002214634888e-02
1.092344409766844195e-02
1.027552968991543234e-02
2.902883595332240302e-02
1.685290346217255958e-02
2.021018593371059179e-03
7.305194805194805026e-03
4.674577490111470578e-03
0.000000000000000000e+00
2.073711000094259453e-03
5.690979797021721064e-04
2.148841793987185667e-02
2.902883595332240302e-02
7.305194805194805026e-03
2.073711000094259453e-03
5.737625206651755273e-03
-8.921402444464269740e-05
3.326242506285051470e-02
2.069797661035827074e-02
-4.585473220836390473e-03
5.637840420449116360e-03
2.251270878721859173e-02
3.116322122801604491e-02
2.364247957712638237e-02
2.510688620030928839e-02
1.751824817518248326e-02
7.253604134554356674e-03
2.792289677535579173e-03
3.968414658837821768e-02
2.205809945839487876e-02
6.118409213604463111e-03
-5.190621084660819451e-03
7.199424046076314046e-03
5.311009091727427953e-03
3.581039122334920416e-02
-3.871467286101432440e-04
2.690824289173916989e-04
1.115910727141828686e-02
2.746992516813488716e-02
2.498860009119927006e-02
6.867263034245956084e-03
9.435742592942064156e-04
4.797646820164316872e-02
7.218592695726679109e-02
3.137103020914019935e-02
1.796632489888063192e-02
-1.655184754406370182e-02
-1.386193512614360872e-03
7.382731610695957361e-03
5.308560053085600514e-03
5.637840420449116360e-03
-8.236478447881394500e-04
-3.574939672893020018e-04
-1.023324421499031966e-02
1.115910727141828686e-02
1.610256410256410281e-02
1.063925705527003947e-02
1.596861027466009789e-02
2.251270878721859173e-02
2.636070548075099620e-02
