6.622516556291390723e-04
4.262352122477383772e-03
6.832934745473180724e-04
1.029611980939414487e-02
-4.355780120219531447e-04
8.469551960701278642e-05
-5.133470225872690130e-04
-8.320159747067143972e-04
1.711449597809344431e-03
3.498293515358361864e-03
1.117894917877719496e-03
2.838221381267738881e-03
1.248231671798285657e-03
-2.449117473186386128e-03
-9.943652635067948189e-04
1.420454545454545494e-03
7.778065854290899979e-04
2.071823204419889417e-03
9.092411968920483239e-04
5.512293289001662586e-03
7.511893831900509589e-04
-3.164015734564734183e-03
-1.830282861896838538e-03
-7.780755597821388623e-04
6.831767719897523629e-04
1.623237932507475348e-03
-1.878415300546448004e-03
-2.321339744652628143e-03
-3.449762828805519755e-04
-8.664760419374403940e-05
1.842913558578323846e-03
3.085390260173449112e-03
-1.906656718892481197e-03
1.710717646052519044e-04
6.179473401397098282e-03
1.657000828500414323e-04
1.708963513628984101e-04
-8.395600705230458908e-05
-1.250938203652739470e-03
5.565068493150684623e-03
2.913702973690976156e-03
8.380122349786307226e-05
5.065944623984627165e-03
-2.491487417988539309e-04
-4.993342210386151865e-04
2.751375687843921926e-03
-6.229732036183648937e-03
-2.563007261853908416e-04
-8.960573476702508953e-05
-1.534657686077244530e-03
0.000000000000000000e+00
3.359650596337980890e-04
-2.314049586776859620e-03
6.922211646621094939e-04
5.042016806722688944e-04
-8.329168748958853995e-04
4.094864357618153983e-03
2.329393494952980859e-03
-1.594093464216796716e-03
1.671262638923706821e-04
7.768666378938282255e-04
2.850435949027498202e-03
-8.705493166187865030e-05
6.613756613756613389e-04
4.222259753420030482e-04
1.114731606928485649e-03
-8.263097008758882572e-04
5.002501250625312297e-04
-2.248940403079318241e-03
-4.465414103968320947e-03
8.814455707360071082e-05
-5.970149253731343343e-04
-4.969767249233827087e-04
1.665556295802798166e-04
-1.477789436866037108e-02
8.298755186721991492e-04
-9.232835319791841229e-04
-2.658911508101370787e-03
3.493226548521768688e-03
1.750437609402350500e-03
1.212436130596691777e-03
-2.497086732145829997e-03
-8.321544478655238438e-04
2.627118644067796827e-03
1.084327300025023002e-03
-2.478314745972738675e-04
-9.945300845350571028e-04
2.435629784272790380e-02
-1.195967879719801816e-03
7.806401249024199837e-04
0.000000000000000000e+00
-2.516989680342310775e-04
-3.086684386521478148e-03
1.040853499869893312e-03
5.180452426178552405e-04
1.674200569228193427e-04
0.000000000000000000e+00
-1.674480910917615535e-03
-1.126028583802511814e-03
2.580867171369580128e-03
-2.608549309996634202e-03
1.301631377993752109e-03
-1.334222815210139986e-03
-6.011679835108209823e-03
1.127493495229835250e-03
1.294330830960393379e-03
-2.040122407344440846e-03
-9.421034600890715663e-04
5.174197999310107274e-04
2.510040160642570267e-03
-1.624070433370373469e-03
4.202386955790888938e-03
-9.965122072745390743e-04
-1.640759930915371362e-03
8.331250520703157138e-04
-3.300330033003300370e-03
2.576212966938600511e-04
1.474158862296219173e-03
-4.270524664458776563e-03
-5.402624131721121825e-03
6.760182524928172541e-04
-4.985873358816686040e-04
-5.026809651474530927e-04
-2.534425952521753944e-04
1.369276850663243405e-03
8.291873963515754493e-05
1.282818780466946085e-03
-3.202157242774079232e-03
-1.589544330625220631e-02
-1.403450837942706204e-03
-1.175088131609870702e-03
4.308487720809995626e-04
-8.551393877201984351e-05
-6.561679790026246628e-03
2.062919030428055772e-03
-2.467875074461747982e-03
-5.170630816959669463e-04
1.881306652984436395e-03
-3.330557868442964400e-04
2.741368971129958237e-03
-2.771282584221009589e-03
5.813470641973258026e-04
-3.853399554718273893e-03
1.020147921448610016e-03
8.696408383337682108e-05
-2.002786485545106181e-03
1.297898640296662499e-02
3.348401138456386854e-04
1.272480488632507598e-03
0.000000000000000000e+00
-3.460207612456747293e-04
1.329676722346879482e-03
-5.155968032998195678e-04
-4.134965266291763157e-04
4.042315300593446285e-03
-4.198505332101771701e-04
5.313317027915999066e-03
3.809853666984154303e-03
-6.872852233676976464e-04
1.513749894878479475e-03
-1.033057851239669450e-03
1.005530417295123075e-03
1.799794309221803288e-03
2.492936679408343020e-04
-1.124859392575928117e-03
8.312551953449709213e-04
-2.245832253606288437e-03
2.571795970852979157e-03
-5.875933853773188933e-04
1.192199608277271644e-02
8.291186468783682531e-04
-2.484677820109325633e-04
1.724881414402759877e-04
1.105912377711612115e-03
-5.036937541974479196e-04
-3.546099290780141758e-03
3.112382234185733648e-03
-4.272043745727956165e-04
-2.527379949452400769e-04
2.922971114167813127e-03
-1.304461257500652126e-03
4.968121222157821041e-04
-1.125736058191894673e-03
4.142794182459233476e-03
1.608669884006434748e-03
2.914702100300042929e-03
1.402770471681571204e-03
2.591792656587472857e-04
6.912044237083117678e-04
-1.994623189662648489e-03
6.676124509722106831e-04
1.541095890410958862e-03
3.315375051802735024e-04
-8.695652173913043801e-04
-6.639555149804963249e-04
2.650478796169630606e-03
-5.039475894506971606e-04
3.341966747430862895e-03
3.521436746192446558e-04
1.531263292216078313e-03
