-8.140053523639607935e-02
-5.421595389748255778e-02
-2.535714285714285587e-01
1.687542188554713718e-02
2.763491210562677575e-02
-2.367493995196156831e-01
-1.114024572969733312e-01
1.687542188554713718e-02
-1.275544576689872089e-01
-9.734513274336283051e-02
-3.960015378700499494e-02
-2.535714285714285587e-01
-1.545950730196194167e-01
-9.734513274336283051e-02
-2.312125914431389928e-01
-1.275544576689872089e-01
3.893900840465725627e-02
3.144031668696711107e-02
-1.722576814605907558e-01
-3.960015378700499494e-02
-1.114024572969733312e-01
-2.549488309554044929e-01
-2.221598653090675890e-01
-8.140053523639607935e-02
-2.468078825005535493e-01
3.876266502916794754e-02
-2.367493995196156831e-01
-8.140053523639607935e-02
-1.275544576689872089e-01
-1.668390719668981781e-01
-2.468078825005535493e-01
-8.140053523639607935e-02
-3.960015378700499494e-02
-7.470314143995189504e-02
-7.470314143995189504e-02
-1.545950730196194167e-01
-2.367493995196156831e-01
-9.734513274336283051e-02
-8.140053523639607935e-02
-2.549488309554044929e-01
2.763491210562677575e-02
-2.221598653090675890e-01
-7.470314143995189504e-02
-5.421595389748255778e-02
-1.722576814605907558e-01
-8.140053523639607935e-02
-2.468078825005535493e-01
-2.535714285714285587e-01
-1.545950730196194167e-01
-2.549488309554044929e-01
-1.176077762113229980e-01
3.144031668696711107e-02
-1.722576814605907558e-01
-1.722576814605907558e-01
-2.468078825005535493e-01
-2.221598653090675890e-01
-7.470314143995189504e-02
-1.545950730196194167e-01
3.144031668696711107e-02
-1.722576814605907558e-01
-1.114024572969733312e-01
-1.722576814605907558e-01
-3.960015378700499494e-02
-1.668390719668981781e-01
-2.221598653090675890e-01
3.144031668696711107e-02
-5.421595389748255778e-02
-1.722576814605907558e-01
-7.470314143995189504e-02
-3.960015378700499494e-02
-2.221598653090675890e-01
-7.470314143995189504e-02
-3.960015378700499494e-02
3.876266502916794754e-02
3.876266502916794754e-02
-1.545950730196194167e-01
-7.470314143995189504e-02
-1.240694789081885855e-03
-1.176077762113229980e-01
-2.221598653090675890e-01
-2.367493995196156831e-01
3.893900840465725627e-02
-1.240694789081885855e-03
3.144031668696711107e-02
-2.221598653090675890e-01
-9.734513274336283051e-02
3.893900840465725627e-02
-2.312125914431389928e-01
-1.176077762113229980e-01
2.763491210562677575e-02
-1.176077762113229980e-01
-2.535714285714285587e-01
-1.114024572969733312e-01
-2.367493995196156831e-01
3.893900840465725627e-02
-2.221598653090675890e-01
-9.734513274336283051e-02
-2.312125914431389928e-01
-1.545950730196194167e-01
-2.549488309554044929e-01
-2.312125914431389928e-01
-1.114024572969733312e-01
-1.545950730196194167e-01
-7.470314143995189504e-02
-2.367493995196156831e-01
-3.960015378700499494e-02
-7.470314143995189504e-02
-1.176077762113229980e-01
-9.734513274336283051e-02
-1.176077762113229980e-01
-2.221598653090675890e-01
-7.470314143995189504e-02
-5.421595389748255778e-02
-1.722576814605907558e-01
-1.668390719668981781e-01
-5.421595389748255778e-02
-1.545950730196194167e-01
-7.470314143995189504e-02
3.876266502916794754e-02
-2.312125914431389928e-01
-1.176077762113229980e-01
-8.140053523639607935e-02
-1.722576814605907558e-01
-5.421595389748255778e-02
-2.221598653090675890e-01
-2.549488309554044929e-01
3.144031668696711107e-02
3.144031668696711107e-02
2.763491210562677575e-02
-1.668390719668981781e-01
-9.734513274336283051e-02
-1.240694789081885855e-03
-7.470314143995189504e-02
-2.535714285714285587e-01
2.763491210562677575e-02
3.893900840465725627e-02
-1.668390719668981781e-01
-8.140053523639607935e-02
-2.468078825005535493e-01
-9.734513274336283051e-02
1.687542188554713718e-02
-2.312125914431389928e-01
-1.545950730196194167e-01
3.893900840465725627e-02
-5.421595389748255778e-02
3.144031668696711107e-02
-1.240694789081885855e-03
-1.545950730196194167e-01
-2.367493995196156831e-01
-1.722576814605907558e-01
-8.140053523639607935e-02
-1.240694789081885855e-03
-3.960015378700499494e-02
-5.421595389748255778e-02
-2.367493995196156831e-01
-2.312125914431389928e-01
3.876266502916794754e-02
-1.176077762113229980e-01
-1.114024572969733312e-01
-2.468078825005535493e-01
-2.535714285714285587e-01
-2.549488309554044929e-01
2.763491210562677575e-02
3.893900840465725627e-02
3.876266502916794754e-02
2.763491210562677575e-02
-9.734513274336283051e-02
3.893900840465725627e-02
-1.668390719668981781e-01
-2.535714285714285587e-01
3.144031668696711107e-02
3.893900840465725627e-02
-1.114024572969733312e-01
3.144031668696711107e-02
-1.176077762113229980e-01
-2.535714285714285587e-01
-1.668390719668981781e-01
-1.240694789081885855e-03
-1.545950730196194167e-01
-1.176077762113229980e-01
-1.668390719668981781e-01
-2.549488309554044929e-01
3.144031668696711107e-02
-2.535714285714285587e-01
-1.114024572969733312e-01
-8.140053523639607935e-02
1.687542188554713718e-02
-2.468078825005535493e-01
3.876266502916794754e-02
3.144031668696711107e-02
-1.114024572969733312e-01
-1.275544576689872089e-01
-2.367493995196156831e-01
-2.367493995196156831e-01
-2.549488309554044929e-01
-2.367493995196156831e-01
-2.312125914431389928e-01
-2.312125914431389928e-01
-1.668390719668981781e-01
-7.470314143995189504e-02
