8.395855662736690858e-03
9.765793794831906932e-03
2.603036876355748364e-03
-1.766004415011037526e-04
3.641723749241307373e-03
4.095563139931740655e-03
4.643420360960224050e-03
1.005823186871360533e-02
2.708106143220647202e-02
4.515272244355909501e-03
4.744333157617290631e-03
1.994796183868169891e-03
-4.752266126903106729e-03
1.866146407668165235e-03
-6.691987701211792559e-03
2.825607064017660042e-03
-1.105303744323537021e-02
-7.760532150776053642e-03
4.699831515473973202e-03
2.169197396963123709e-03
-3.575789290075004172e-03
-1.545511726120945249e-02
1.475656092604047016e-02
1.475656092604047016e-02
-2.872562674094707516e-03
-1.867183371499031228e-02
4.400345125107851980e-03
1.322328718494852721e-02
4.968619246861924639e-03
5.466377440347071869e-03
-3.451251078515962193e-03
-1.484361194557342299e-02
-1.721877458264137878e-02
1.041756349547998291e-02
1.366292134831460607e-02
-1.545511726120945249e-02
1.768190257271682470e-03
-2.731036913047308820e-03
-2.509953262939241658e-03
1.599147121535181293e-02
8.768913342503438513e-03
6.437768240343347617e-03
-3.233217050965710854e-03
3.033191784383395227e-03
5.975578072226552483e-03
-2.125991112660102766e-02
5.466377440347071869e-03
-2.125991112660102766e-02
1.529132612707619250e-02
2.113057612425501067e-02
3.410932037179159257e-03
-1.448642988044331927e-02
7.465925861619932512e-03
6.837606837606837601e-03
2.017342063351619183e-02
1.390355508623724104e-02
-4.748505100246218531e-03
5.039534277521939484e-03
1.937089035009774418e-02
1.115735411316744891e-02
-4.675280516831009821e-03
2.708106143220647202e-02
2.511909917713295651e-03
-1.428828181164629695e-02
8.491639674341241312e-03
2.511039916875919872e-03
-2.479412025148322075e-03
3.240109140518417346e-03
8.439943141435679239e-03
-4.574486449162782492e-03
2.183024799161718561e-03
4.968619246861924639e-03
7.296763670701348140e-03
-8.306088185914994870e-03
2.536941427808438523e-02
1.001455105709149994e-02
-1.641185108404595279e-03
6.263943710314055086e-03
1.049913941480206531e-02
1.223399672611355168e-02
2.002377251531498731e-02
-3.003003003003002977e-03
-6.762028608582574749e-03
9.928106812735364162e-03
-4.663615165385611751e-03
2.304964539007092056e-03
-2.432878616734729382e-02
1.019232473632898997e-02
-8.709706384124988113e-03
-6.141618497109826991e-03
2.575107296137339242e-04
-7.360672975814931858e-03
4.268032437046521965e-03
1.490638065806217105e-02
-1.872659176029962567e-03
-6.691987701211792559e-03
4.012211077191451918e-03
-7.414599699885250465e-03
7.465925861619932512e-03
8.923790826343031349e-03
2.002377251531498731e-02
8.591065292096219767e-04
3.112494441974210640e-03
-1.840652116749934286e-03
3.816462832856275331e-03
8.139937651541391886e-03
-7.360672975814931858e-03
-1.175414984297891430e-02
4.502554333708545797e-03
-7.202881152460984329e-03
7.396319450559126624e-03
-2.280442162068065104e-02
1.460104783990380474e-03
-1.007427644497566749e-02
-1.007427644497566749e-02
3.774247344860879542e-03
2.719115381129339273e-02
-5.620937994027753667e-03
1.014617368873602793e-02
-3.920202108197577869e-03
1.154388438491364167e-02
4.504504504504504465e-03
4.968619246861924639e-03
1.390355508623724104e-02
1.012285862605987255e-02
2.077022933794893823e-03
-1.626294616108876073e-03
6.132319917084125445e-03
6.972639011473962499e-03
-1.039846207619713435e-02
6.254819638420015641e-03
3.079710144927536378e-03
2.581311306143520886e-03
1.011819484240687739e-02
-3.451251078515962193e-03
8.768913342503438513e-03
1.458976999656711208e-03
-5.804028678729942180e-03
5.975578072226552483e-03
-6.141618497109826991e-03
-7.223396758280479189e-03
-4.748505100246218531e-03
-1.215066828675577179e-02
1.537929842750993675e-02
1.863354037267080706e-03
4.968619246861924639e-03
2.029140967194064532e-02
1.062887511071744810e-03
1.019232473632898997e-02
-6.460176991150442735e-03
1.052181351582549135e-02
2.488843117061448774e-03
-9.894115604929700283e-03
-1.377386452794002181e-02
-9.539502211430057757e-04
-1.229870819324013417e-02
-1.157039392333509935e-02
-5.526271042339737753e-03
3.774247344860879542e-03
8.875219683655536859e-03
-5.308964316797214547e-03
8.395855662736690858e-03
-1.140550973855062288e-02
-3.159692570452604828e-03
-7.436873054306468271e-03
1.205026682733689129e-03
1.579085884726730282e-02
-6.099686301847334017e-04
8.039685254875127488e-03
2.344156971696475036e-03
-1.686178577669054587e-02
1.407427585580677334e-02
-1.696284329563812684e-02
-1.022736877694193150e-02
-2.207115741149465963e-03
-8.172491740566858315e-03
-6.382792690390836493e-03
-3.159692570452604828e-03
-5.179558011049723541e-04
1.506393413907864721e-02
-4.634397528321318287e-03
7.475660639777468273e-03
-8.172491740566858315e-03
1.579085884726730282e-02
-6.563039723661485449e-03
5.466377440347071869e-03
5.299739357080799317e-03
5.126868265554396752e-03
1.011819484240687739e-02
7.396319450559126624e-03
1.014617368873602793e-02
-1.111396084466102427e-02
-1.074344649763644098e-02
-2.731036913047308820e-03
-4.258218361437574560e-03
-6.099686301847334017e-04
2.476561117990447661e-03
1.956791216575172812e-02
-4.724822819144281968e-03
1.390355508623724104e-02
