-9.257570229843123388e-02
-2.817291705154258141e-02
-3.603438814706420162e-02
-2.909705275014079062e-03
-1.056910569105691013e-02
-3.603438814706420162e-02
-3.557709895738064843e-02
-1.056910569105691013e-02
-3.579254930606282081e-02
-2.178509054141005569e-02
-9.257570229843123388e-02
4.814954682779455999e-03
-9.257570229843123388e-02
-4.078180793084006800e-02
-4.837409298575652029e-03
3.826797075301490575e-02
-3.579254930606282081e-02
-4.078180793084006800e-02
-7.252583558327901914e-02
-3.557709895738064843e-02
-4.078180793084006800e-02
-2.123200291598323353e-02
-4.837409298575652029e-03
1.689536077662652860e-02
-9.257570229843123388e-02
-6.670321637426900215e-03
-2.964934826510005547e-02
-3.219696969696969613e-02
-2.390364990346603019e-02
-9.257570229843123388e-02
-6.670321637426900215e-03
4.814954682779455999e-03
-2.817291705154258141e-02
-3.557709895738064843e-02
-1.296626890914215867e-02
-9.257570229843123388e-02
-2.390364990346603019e-02
-1.384587356531244255e-02
-2.817291705154258141e-02
-9.672830725462305129e-03
-4.837409298575652029e-03
1.960085531004989411e-03
-3.603438814706420162e-02
-2.123200291598323353e-02
-9.695973705834018408e-02
1.960085531004989411e-03
-9.257570229843123388e-02
1.960085531004989411e-03
-9.672830725462305129e-03
-2.964934826510005547e-02
-2.817291705154258141e-02
-2.817291705154258141e-02
-3.557709895738064843e-02
-3.579254930606282081e-02
-2.817291705154258141e-02
-4.078180793084006800e-02
-1.384587356531244255e-02
-3.603438814706420162e-02
-6.670321637426900215e-03
-6.670321637426900215e-03
1.689536077662652860e-02
-9.257570229843123388e-02
-2.611476283531710685e-02
-2.390364990346603019e-02
3.826797075301490575e-02
-2.964934826510005547e-02
1.689536077662652860e-02
-5.692953803079795101e-03
-6.670321637426900215e-03
-9.672830725462305129e-03
-3.219696969696969613e-02
-2.123200291598323353e-02
-2.964934826510005547e-02
-6.670321637426900215e-03
-1.384587356531244255e-02
1.960085531004989411e-03
-3.603438814706420162e-02
1.960085531004989411e-03
-1.384587356531244255e-02
-2.909705275014079062e-03
-9.672830725462305129e-03
-2.817291705154258141e-02
4.814954682779455999e-03
-9.257570229843123388e-02
-9.672830725462305129e-03
-7.252583558327901914e-02
-9.672830725462305129e-03
-2.964934826510005547e-02
-2.817291705154258141e-02
-3.557709895738064843e-02
-2.964934826510005547e-02
-9.695973705834018408e-02
-1.384587356531244255e-02
-3.603438814706420162e-02
-2.123200291598323353e-02
-5.692953803079795101e-03
-3.219696969696969613e-02
-3.219696969696969613e-02
-2.909705275014079062e-03
-2.817291705154258141e-02
-1.056910569105691013e-02
1.960085531004989411e-03
-2.964934826510005547e-02
-3.219696969696969613e-02
-2.909705275014079062e-03
-9.257570229843123388e-02
-3.219696969696969613e-02
-4.837409298575652029e-03
-3.603438814706420162e-02
-1.296626890914215867e-02
-2.817291705154258141e-02
-2.390364990346603019e-02
1.960085531004989411e-03
-2.178509054141005569e-02
-3.557709895738064843e-02
-4.078180793084006800e-02
-1.384587356531244255e-02
1.689536077662652860e-02
-9.257570229843123388e-02
-2.964934826510005547e-02
-2.611476283531710685e-02
4.814954682779455999e-03
-4.837409298575652029e-03
-4.078180793084006800e-02
-3.557709895738064843e-02
-6.670321637426900215e-03
-2.178509054141005569e-02
-2.817291705154258141e-02
-7.252583558327901914e-02
-6.670321637426900215e-03
-5.692953803079795101e-03
-5.692953803079795101e-03
-3.557709895738064843e-02
1.689536077662652860e-02
-1.384587356531244255e-02
-2.817291705154258141e-02
-2.964934826510005547e-02
-2.817291705154258141e-02
1.960085531004989411e-03
-7.252583558327901914e-02
-2.123200291598323353e-02
-3.557709895738064843e-02
-2.390364990346603019e-02
-5.692953803079795101e-03
-2.964934826510005547e-02
-5.692953803079795101e-03
-5.692953803079795101e-03
-4.837409298575652029e-03
-4.078180793084006800e-02
-2.909705275014079062e-03
-1.296626890914215867e-02
4.814954682779455999e-03
3.826797075301490575e-02
-3.557709895738064843e-02
-3.557709895738064843e-02
-2.390364990346603019e-02
-9.257570229843123388e-02
-1.384587356531244255e-02
-7.252583558327901914e-02
-4.837409298575652029e-03
-3.603438814706420162e-02
-1.296626890914215867e-02
-2.611476283531710685e-02
-3.603438814706420162e-02
-2.964934826510005547e-02
-3.557709895738064843e-02
-9.695973705834018408e-02
-1.296626890914215867e-02
-2.390364990346603019e-02
-2.964934826510005547e-02
4.814954682779455999e-03
4.814954682779455999e-03
-9.672830725462305129e-03
1.689536077662652860e-02
-9.695973705834018408e-02
-1.056910569105691013e-02
-2.178509054141005569e-02
-3.219696969696969613e-02
-2.611476283531710685e-02
-2.611476283531710685e-02
-2.964934826510005547e-02
1.960085531004989411e-03
-2.611476283531710685e-02
4.814954682779455999e-03
-3.219696969696969613e-02
-3.579254930606282081e-02
-2.611476283531710685e-02
1.960085531004989411e-03
1.960085531004989411e-03
3.826797075301490575e-02
-1.056910569105691013e-02
-7.252583558327901914e-02
4.814954682779455999e-03
-3.557709895738064843e-02
-9.672830725462305129e-03
1.960085531004989411e-03
-6.670321637426900215e-03
-3.557709895738064843e-02
1.960085531004989411e-03
-2.909705275014079062e-03
