3.823773898586866477e-02
7.007485268354833943e-03
6.710408589322994222e-03
-2.614518771817339951e-02
-9.403397866455946025e-03
-3.177887813169758425e-03
1.711652402896642403e-02
-3.976412463144473469e-02
1.933420555313272379e-02
7.007485268354833943e-03
-2.614518771817339951e-02
1.872074882995319878e-02
1.935781225994776325e-02
1.505460218408736367e-02
1.468815908406146363e-02
-7.870540639941154409e-03
1.201621820862513838e-02
-6.558064741662587849e-02
-3.177887813169758425e-03
1.691596836087399039e-02
-1.384083044982699004e-02
1.741099312929418955e-02
4.650081376424087458e-04
1.929212732804036446e-03
-2.063721940622737297e-02
6.278171281390856721e-03
3.930875917822443388e-03
2.273568836554839753e-02
1.146218233919010614e-02
-9.452086375163298165e-03
1.111611837163887714e-02
3.288822947576656996e-02
2.554268620081306951e-02
1.126388565214013829e-02
-7.870540639941154409e-03
1.836533353570615409e-02
-1.624510153188457595e-02
1.627005245951494011e-02
3.881384878124514602e-04
2.794894366197183191e-02
4.656319290465632359e-03
1.515731455255301188e-02
-2.326571144843240027e-02
1.065070356837440751e-02
9.985620706183096981e-03
1.854385164918680509e-02
1.488205967705930402e-04
2.514693847183989417e-02
6.530612244897959426e-03
1.884402216943784764e-02
-2.446619217081850463e-03
8.014842300556586016e-03
1.449057737067347383e-02
4.174074360361753298e-03
-9.415513869776201070e-03
-7.412898443291326619e-04
2.677848892812477108e-02
3.584497050257635584e-03
-1.697271197600409842e-02
1.375929147556539597e-02
-3.252206091659549936e-02
3.130583391594810722e-02
-1.209708291861266369e-02
1.340981896744394006e-03
1.395281933256616730e-02
1.447097896568084845e-02
-7.354648912286134745e-03
-1.002985988821682856e-02
7.928197456993269290e-03
2.069506886462570486e-02
9.646302250803859279e-03
2.273568836554839753e-02
-9.452086375163298165e-03
3.881384878124514602e-04
-1.931236283833211512e-02
7.928197456993269290e-03
-7.774236181295187753e-04
4.131265102502143342e-03
-3.252206091659549936e-02
1.439999999999999961e-02
1.976444014198128554e-02
-3.177887813169758425e-03
1.098130841121495310e-02
8.202712580199788411e-03
6.530612244897959426e-03
-2.475742009132420041e-02
-3.976412463144473469e-02
-1.177214189776408342e-02
3.468879668049792281e-02
4.521656354117086982e-03
-7.354648912286134745e-03
-1.975972178311729416e-03
2.372827553368780235e-02
3.823773898586866477e-02
1.093380614657210419e-02
-4.971791255289139538e-02
1.248999199359487541e-02
-3.059041642897889282e-02
1.447097896568084845e-02
-3.728070175438596371e-03
4.656319290465632359e-03
-3.790786948176583238e-02
-6.005338078291814694e-03
9.272137227630969369e-03
2.793073178517276999e-03
1.558174483904136744e-02
1.505460218408736367e-02
1.711652402896642403e-02
1.994487960545401894e-02
6.484984173550529044e-03
1.741099312929418955e-02
1.111611837163887714e-02
2.505269985406194388e-02
-3.177887813169758425e-03
2.311055590256089892e-02
-2.099420849420849389e-02
1.981275854561288796e-02
-7.774236181295187753e-04
1.872074882995319878e-02
-3.177887813169758425e-03
1.522759074820972947e-02
2.069506886462570486e-02
-1.002985988821682856e-02
-2.099420849420849389e-02
1.504092015040920174e-02
-1.002985988821682856e-02
-1.694139194139194018e-02
2.514693847183989417e-02
3.798506850438920085e-02
1.966019417475728046e-02
-2.090895890808770058e-02
1.691596836087399039e-02
2.522031955291251584e-02
3.661533420707732689e-02
3.366739743188224172e-03
-1.042465123409474191e-02
1.966019417475728046e-02
3.930875917822443388e-03
5.471742359102633839e-03
1.538461538461538547e-02
-1.872477804681194416e-02
-1.767411831167783193e-02
1.935781225994776325e-02
-2.326571144843240027e-02
6.484984173550529044e-03
-3.311513284559106617e-03
2.236982745457321772e-02
1.438461538461538458e-02
1.456235476374903234e-02
2.274854222158231853e-02
-9.415513869776201070e-03
1.810378462738977678e-02
2.367981404808600435e-02
2.244150883335985919e-02
7.928197456993269290e-03
1.691596836087399039e-02
9.477269361765142119e-03
1.285505349857593745e-02
4.665975411050214856e-03
1.456235476374903234e-02
1.501594958375476567e-02
1.394857875292166219e-02
1.047238755368040328e-02
9.477269361765142119e-03
1.449057737067347383e-02
2.085314992317260571e-02
-3.728070175438596371e-03
5.440047693568820369e-03
8.905440414507772434e-03
2.236982745457321772e-02
-4.971791255289139538e-02
9.272137227630969369e-03
1.336203696830227852e-03
-2.475742009132420041e-02
3.288822947576656996e-02
1.321089092959561867e-02
1.664892808271248303e-02
-4.758217779967621741e-02
1.456235476374903234e-02
1.501594958375476567e-02
-1.177214189776408342e-02
2.290017078093463734e-02
2.514693847183989417e-02
-7.412898443291326619e-04
1.394857875292166219e-02
-1.201660476294516035e-02
1.522759074820972947e-02
-1.697271197600409842e-02
7.977335420860359044e-03
-1.872477804681194416e-02
-4.758217779967621741e-02
1.248999199359487541e-02
1.201621820862513838e-02
5.471742359102633839e-03
7.977335420860359044e-03
1.775147928994082755e-03
6.572619429304264044e-03
8.905440414507772434e-03
1.321089092959561867e-02
-1.209708291861266369e-02
