-3.425291612664321632e-03
-2.632040708896297336e-04
-3.455802109858130411e-03
-4.672460517708625452e-04
1.162063108965763784e-03
8.412001121600149551e-04
-2.731494127287626078e-04
-1.213818860877684432e-03
7.456426507596234082e-04
7.909604519774010925e-03
2.637594513803411108e-04
7.159477358152855275e-04
-6.257262894431035510e-04
1.750336603192921558e-02
0.000000000000000000e+00
-1.017244720015500828e-02
-8.863676653075695539e-05
-1.519349360979533508e-03
4.402958788305741215e-04
0.000000000000000000e+00
4.734848484848484980e-04
0.000000000000000000e+00
6.461140852870592491e-04
-5.553596614950634738e-03
1.568265682656826577e-03
-1.059602649006622516e-03
9.201324990798675401e-04
-1.362397820163487689e-03
-1.790670606142000048e-04
-4.634779384501297884e-04
-2.987236353761202074e-03
4.525296406914652847e-04
7.073386383731211386e-04
1.343002954606500226e-03
5.246589716684155452e-04
8.950948800572861388e-05
-9.380863039399624757e-04
1.235858921950755808e-03
0.000000000000000000e+00
-9.062896501721950904e-05
8.496978851963745945e-04
3.650301149844861997e-04
-1.890001890001889989e-03
-5.583472920156337324e-04
-4.607021100156638506e-04
-4.662874195654201294e-04
-2.783189535207347774e-03
2.363445378151260347e-03
4.651162790697674679e-04
4.658529768005217593e-04
1.776198934280639498e-03
-9.850452225306706878e-04
-8.543763052971330672e-04
-9.292816652727442105e-05
-1.762735765908690286e-04
9.310986964618249472e-04
-2.827787727401263039e-04
1.115656377835626527e-03
-1.859600185960018695e-04
-1.232068995863768411e-03
-2.203909543886546467e-03
0.000000000000000000e+00
3.620892550013578206e-04
-1.320771330456986959e-03
1.322626358053849730e-03
2.089874411302982890e-02
4.734848484848484980e-04
-1.765692592919572727e-03
-9.165062780680047487e-05
-2.294185123091855519e-03
7.566442826066395889e-04
2.066301320636061527e-03
-2.187386073641997813e-03
-3.628776195228159166e-04
-8.911067545891997621e-05
6.613131790269248652e-04
9.318796011555307505e-05
0.000000000000000000e+00
5.449591280653951191e-04
2.728016731835955434e-04
4.402183483007571924e-04
8.033562438632509605e-04
-9.094216078574026969e-05
-4.398697985396322722e-04
0.000000000000000000e+00
1.783007934385307924e-03
-2.832861189801699851e-03
0.000000000000000000e+00
7.985803016858917776e-04
-7.480130902290790459e-04
1.895914304673428639e-04
1.853911753800519154e-03
-5.664652567975831353e-04
-2.624179943767572694e-03
-8.453085376162298731e-04
3.708167238342449244e-04
1.699463327370304058e-03
2.141527001862197303e-03
-9.299730307821072589e-05
-4.079782411604714401e-03
6.162514305836781477e-04
-9.367681498829039805e-05
9.113278046113187317e-05
-6.280014776505356104e-03
3.670398238208845507e-04
-7.923930269413629462e-04
9.044862518089724363e-05
1.115552663381983800e-03
2.517080186983099675e-03
-1.862891207153502234e-04
-3.578457684737877784e-04
-4.449586188484471144e-04
4.676830979328406982e-04
-1.069232825447741231e-03
8.925383791503035047e-04
-3.645643456069996174e-04
3.774974680047877770e-03
4.551661356395084266e-04
1.145071787192812563e-03
2.806098587597044298e-03
2.339602267614505730e-03
0.000000000000000000e+00
-9.193711501333087701e-04
-6.974108621741783838e-04
1.415803911158304606e-03
-9.252405625462619852e-04
0.000000000000000000e+00
-8.806693086745926618e-05
1.402155814564893599e-03
-5.615874204417820861e-04
2.790438098781508483e-04
-1.859254438969972910e-04
2.724548179093633834e-04
9.284189026088570957e-05
-8.716875871687586872e-05
-4.596010662744737761e-04
-6.410256410256410251e-04
-1.531669519776556474e-03
8.029262200017842901e-04
-3.624830086089714785e-04
-6.506785647889942389e-04
9.287638153617534407e-05
-1.162478762407225235e-03
9.307520476545048493e-05
1.091206692734382174e-03
-3.725435410263574772e-04
2.090528994728231126e-03
-9.945750452079566654e-04
-9.984569301987836643e-04
-7.462686567164179179e-04
0.000000000000000000e+00
2.727768685215493493e-04
0.000000000000000000e+00
2.812675792237014755e-04
-9.358038555118847754e-05
-8.803591865481116396e-04
2.675465976990992691e-04
-9.330969487729775125e-04
1.548225790941436600e-02
-2.683603184542445678e-04
9.995456610631531236e-04
6.511022230490186823e-04
-6.507390536394905322e-04
-1.820996084858417566e-04
3.504987867349690107e-03
-3.514938488576450134e-04
2.731742851939537365e-04
-6.565748677731168652e-03
3.679514304111857381e-04
4.651162790697674679e-04
-1.189822441881750043e-03
-9.358038555118847754e-05
1.230827494792652906e-03
-8.206437494301084892e-04
0.000000000000000000e+00
5.543237250554323720e-04
-1.916233232959211642e-03
-4.500045000450004660e-04
-7.194891626944869200e-04
9.815294012670652303e-04
1.350256548744261384e-03
1.526443386908503223e-03
4.650730164635847653e-04
6.630043568857737785e-04
3.645311218445274927e-04
1.860465116279069655e-04
3.635718719517602206e-03
9.108297659167502057e-05
1.860119047619047516e-04
6.503158677071720073e-04
1.183970856102003642e-03
-8.819119851838786838e-05
9.359790340696369005e-05
-3.723354742623103644e-04
6.242753946312316459e-04
-3.718508877939945821e-04
-2.329264884002608688e-03
3.717817641044706789e-04
-1.733102253032928848e-03
3.392939018798716254e-03
