4.691311690748733152e-04
9.031791907514450421e-05
0.000000000000000000e+00
-5.569996286669141785e-04
1.803340926347760066e-03
-8.975854950184005169e-04
-5.491990846681922686e-04
-9.195402298850574368e-04
-4.432784512393703365e-03
3.669206886819079919e-03
-9.289363678588016858e-04
-1.821327747928239713e-04
-7.619773311743975293e-04
4.250993438684040268e-03
1.966844619275077109e-03
-9.166743056192134479e-04
0.000000000000000000e+00
-1.038127595318988350e-03
7.283984339433670265e-04
3.197893152746426014e-03
-2.750527184377005423e-03
-7.554296506137865401e-04
8.277384346546491417e-04
-3.869220352099051884e-04
5.690440060698027502e-04
-8.420658682634730779e-04
8.383791336748952537e-04
7.377351530800442970e-04
1.208515385330482432e-03
-1.369737923477308073e-03
-2.764722145424384938e-04
2.484586362381521925e-03
-3.744617112900206217e-04
-7.492039707810451126e-04
-9.365049634763063908e-05
6.305738221781821392e-04
7.494847292486415307e-04
-1.587449808572229028e-03
-1.805054151624548801e-03
-2.457002457002456942e-03
-1.084696736870650012e-03
-2.477518810790970989e-03
-1.709726443768996981e-03
-2.706848326265451701e-04
2.744739249771271862e-04
-1.042654028436019011e-03
-6.387444109864038808e-04
2.348520432127759565e-03
-9.182736455463727813e-05
3.771094560196096984e-04
-1.803589142393362916e-04
1.019084676672225376e-03
6.715218008133926053e-03
-2.837147720824664430e-04
-1.263309871864284331e-03
0.000000000000000000e+00
8.305647840531561656e-04
-4.568713450292397407e-04
-1.909959072305593506e-03
1.852366398073539068e-04
-4.270600795884693483e-03
-1.415094339622641412e-03
1.419647927314026141e-03
-9.146620323790359271e-05
-2.992052360916316184e-03
-1.652285661832201104e-03
1.416296855820980104e-03
1.331431288635282883e-03
2.062628914307144262e-03
6.082493822467211972e-03
9.181893306399779896e-04
-1.740245466202601119e-03
8.157346143388017603e-04
-1.462522851919561325e-03
-9.196247930844215026e-05
-3.749531308586426877e-04
-3.467016491754122947e-03
1.132395961121072069e-03
1.282051282051282050e-03
1.200036924213052688e-03
-4.586735161911751355e-04
8.992805755395683650e-05
1.229895931882686849e-03
-1.094690749863163693e-03
-3.967504250897411523e-03
1.620282119710255396e-03
5.706676811869887227e-04
-1.814188866609376489e-03
-1.813842482100238608e-03
-9.173470323823502710e-04
-8.296460176991150327e-04
1.010564997703261407e-03
1.470588235294117627e-03
-2.810567734682405984e-03
-4.714312653215161340e-04
1.591015442208703777e-03
-1.850823616509346642e-04
1.409377055341539146e-03
0.000000000000000000e+00
-9.499382540134891683e-05
-1.831501831501831500e-04
9.284189026088570957e-05
5.644402634054562296e-04
-4.488733279468533994e-04
2.742230347349177214e-04
1.216658867571361775e-03
-6.423786363219235193e-04
4.688672168042010385e-04
2.766251728907330497e-04
-2.071953286871350535e-03
6.383366770016414039e-03
4.680771391125257636e-04
3.701243238113314984e-03
-1.850994909763998197e-04
2.283974114960030458e-03
4.742483164184767373e-04
9.217439395335975017e-05
1.004841509089248212e-03
7.314620096918716518e-04
1.430205949656750521e-03
1.092597650915050431e-03
1.226878067195168089e-03
-1.886970468912161562e-04
5.488474204171240592e-04
2.079002079002079117e-03
1.738016831320892764e-03
8.259911894273127978e-04
0.000000000000000000e+00
7.239163876572255601e-04
6.290438533429188166e-04
1.101523774554800808e-03
3.653301671385514532e-04
9.280742459396752330e-05
1.837053366400294007e-04
-9.074410163339382315e-05
-9.448223733938019902e-05
3.626473254759746351e-04
-2.342578710644677761e-03
5.657175183858193825e-04
-1.359064963305246006e-03
1.719197707736389675e-03
3.802969938428105851e-03
2.382916322976812509e-03
1.209189842805320379e-03
-7.300602299689723995e-04
-3.367003367003366856e-03
1.834189288334556222e-04
6.508600650860065298e-04
-1.076522831255046246e-03
-9.073586788857635865e-05
1.896273821939888245e-04
1.415361388941309678e-03
2.758620689655172527e-04
6.704338664878842745e-04
9.360666479453337184e-05
1.916583006297344072e-03
2.416392808815000931e-03
1.010564997703261407e-03
-2.810304449648711941e-04
6.297229219143576657e-04
-9.181050312155710142e-05
9.115770282588879091e-05
-8.201202843083651821e-04
-4.095309009679821283e-03
-2.823529411764705635e-04
6.417308397506417145e-04
3.733781387099785096e-04
-4.675081813931744037e-04
2.761904761904761859e-03
-2.135165243223171271e-03
-2.898550724637681086e-04
9.966476397571804192e-04
-1.282403590730053951e-03
2.863688430698740103e-04
-1.004382761139517794e-03
-9.640412609659693014e-05
-9.236168837166343088e-04
-1.017482194061603918e-03
6.375808361417250898e-04
3.705762460626273701e-04
1.931567328918322403e-03
-3.770114942528735805e-03
-1.871257485029940233e-04
4.591368227731864042e-04
1.043742290539899495e-03
9.144111192392099879e-05
-1.102130786186627511e-03
-3.010948905109488930e-03
-3.486238532110091676e-03
5.953488372093022896e-03
6.417896763546346566e-04
-3.588087549336204025e-04
2.454322334333242615e-03
-4.532149938627136158e-03
-1.235623990115008140e-03
-6.426145230882218369e-04
-5.890603085553997378e-03
9.358038555118846670e-04
-4.547108039287013214e-04
1.466141299367726587e-03
