8.095974092882902247e-04
-1.450010875081563096e-04
-4.606879606879607037e-04
-8.215085884988797098e-04
3.674309229864785578e-04
-1.371643084031186821e-03
4.376367614879650056e-04
-5.188644281372766735e-04
5.488721804511278134e-03
-1.238705916642378422e-03
-8.615738081562320655e-04
3.726893261776982906e-04
3.698224852071005831e-04
-2.218278615794143827e-04
7.691124442393477458e-04
-1.986400794560317859e-03
9.230059226213368226e-04
2.710843373493975871e-03
-6.066120715802244667e-04
9.988584474885844194e-04
1.431639226914817569e-04
-6.750168754218855522e-04
-3.471965723572431172e-03
4.441154700222057529e-04
-1.514348451578708126e-04
1.197784099416080317e-03
0.000000000000000000e+00
9.827638342908980810e-04
5.739704405223131078e-04
1.105623940443723786e-03
1.443220660843144796e-03
-1.495998204802154142e-04
9.610408812005618749e-04
-1.830965284898198285e-03
-1.147693852664801589e-03
-2.535988662638920168e-03
1.063668135541710920e-03
9.447674418604651032e-04
2.057142857142857210e-03
-5.675771550195104565e-04
-1.087429317094388941e-03
3.600748955782802590e-04
-4.400117336462305438e-04
5.877599000808169348e-04
-1.248898031148986190e-03
4.611128189363664326e-04
-5.771172990910402754e-04
-7.552870090634441081e-04
-8.843687817820031346e-04
-8.069840804049592314e-04
-5.247376311844077464e-04
2.239641657334826550e-04
9.628916376564698428e-04
7.194762213108856950e-05
6.795530051344004499e-04
1.006759672083992491e-03
3.718854592785421939e-04
1.448435689455388159e-04
-1.116486788239672403e-03
-9.877085162423178064e-03
-8.028025105823967042e-04
3.620564808110064920e-04
-1.839644335428483905e-03
-6.422607578676942401e-04
0.000000000000000000e+00
-3.150315031503150235e-03
3.561955286093217155e-03
-5.188644281372766735e-04
4.438198091574820396e-04
3.249206589088710680e-03
-1.785437043937276739e-03
1.929949964260185835e-03
-4.456658991309514787e-04
6.755235307363206994e-04
2.638146167557932440e-03
3.620564808110064920e-04
-3.561253561253561431e-04
1.484119916889284710e-04
-3.722453841572364555e-04
-4.449388209121246012e-04
5.096097845078625954e-04
-2.945508100147275240e-04
2.242990654205607483e-04
-7.970436924860517828e-04
-3.677552221241541853e-04
-3.863092018851889062e-03
-5.071728734965946783e-04
-8.811219619649019504e-04
-1.117235215253984835e-03
8.953887479480674132e-04
-6.675567423230974445e-04
7.310475911981870537e-04
3.596087456846950659e-04
-7.526153383005945859e-05
2.984406476162053141e-04
-1.465094132298000039e-04
-1.425784181299714860e-03
-2.971105994206343372e-04
6.763357631321860464e-04
-2.200058668231152719e-04
1.490312965722801787e-03
-1.032372243934813038e-03
-7.962359753890698149e-04
-2.173440556400782497e-04
7.386069872220990681e-05
2.989536621823617548e-04
-2.203613926840017703e-04
1.484780994803266453e-03
-6.720430107526882257e-04
3.577305573442083339e-04
1.344387183508850532e-03
-4.406256884776382256e-04
1.172934535591232215e-03
3.711676935639521930e-04
1.526251526251526250e-04
1.481152336517810916e-03
1.448943796232746032e-03
-7.160759040458289110e-04
1.019739238109112047e-03
-1.565645269514650021e-03
-1.239518775063798732e-03
-4.343419719125524809e-04
2.204423543243441718e-04
-6.722940165832523877e-04
1.622299240468991948e-03
-4.397859708275306083e-04
2.120038014474742456e-03
5.394574599260172154e-04
-2.186429560527658293e-04
5.256439137943981228e-04
5.023683077364719373e-04
7.471049682480388019e-05
1.782001782001781977e-03
1.062296077092343910e-03
2.945725016569703024e-04
1.409286456015427938e-03
-7.362143856290951803e-05
2.210759027266027998e-04
-1.499700059988002274e-04
1.999555654299044714e-03
-2.207343094695018819e-04
0.000000000000000000e+00
7.994186046511627796e-04
1.508409382306358010e-04
-8.221225710014947851e-04
1.415586350767396827e-03
1.114247511513890990e-03
-1.443522194153735007e-04
7.387161113983895563e-05
-1.476995790561996878e-04
