1.277574312239161897e-03
-2.627200280234696450e-04
1.133786848072562388e-03
0.000000000000000000e+00
1.826984561980451245e-04
-5.185825410544512041e-04
8.634087376964255363e-05
-6.178833083237708721e-04
5.259928114315770694e-04
1.717770334106330033e-04
1.052077853761178294e-03
-8.686587908269631769e-04
1.775252973548730568e-04
3.545784948142895101e-04
-8.634832915983076064e-05
-6.206223956024469954e-04
1.773206844578420103e-04
-1.732051615138130993e-04
2.589555459646094085e-04
-3.468909895065475893e-04
6.964394532950292024e-04
6.292700467457749188e-04
-5.975245411865130231e-04
8.888098835659052899e-04
-1.792275293485079358e-04
5.215577190542420053e-04
-2.631809807877883984e-04
-6.954102920723226377e-04
0.000000000000000000e+00
-1.761804087385482808e-04
8.917424647761727091e-05
5.261311820413890105e-04
2.566515527418940777e-04
8.688097306689834701e-05
3.557452863749555180e-04
8.664760419374403940e-05
-2.651582110659360348e-04
8.640055296353897098e-05
-1.256845318251189432e-03
4.284123040013709284e-04
-2.587991718426501222e-04
2.548203516520852752e-04
3.566333808844507954e-04
-2.576434215046375623e-04
-4.550004550004550113e-04
-8.585164835164835835e-05
5.184033177812337988e-04
2.099370188943316864e-03
-2.572016460905350013e-04
-2.590897314103117639e-04
6.055363321799307492e-04
-1.044204664114166403e-03
6.139273811611998307e-04
2.645269376598183416e-04
8.683570684265369457e-05
-3.422899195618688863e-04
0.000000000000000000e+00
-2.588885053503624462e-04
-1.244223249200142106e-03
9.660138754720295562e-04
-8.576329331046311506e-05
-2.624442306009973054e-04
8.732099196646874026e-04
-3.450060376056580860e-04
-3.794723527285869327e-03
3.523608174770965617e-04
-6.018399105837847615e-04
7.226086171077590083e-04
-8.900756564307966739e-05
1.389130057301614764e-03
-7.064641469445425434e-04
0.000000000000000000e+00
2.660517914153955163e-04
2.544960977265015305e-04
3.444415740979936088e-04
0.000000000000000000e+00
0.000000000000000000e+00
0.000000000000000000e+00
-2.588661661920787192e-04
-1.029866117404737349e-03
5.317263381779510807e-04
-1.735056823110956846e-04
1.759014951627088858e-04
1.305937663242207969e-03
6.955312119631368133e-04
8.589589417625837680e-05
-1.768033946251768094e-04
-3.390117806593779181e-04
-2.654397451778446322e-04
-3.525782282944028433e-04
-6.050129645635263145e-04
-1.820333120961135844e-04
-7.930912936200212003e-04
-6.803299600306148172e-04
3.454529752137490547e-04
0.000000000000000000e+00
-1.039951468931449774e-03
3.470414714558389679e-04
2.634351949420442383e-04
-8.628127696289904940e-05
-8.562376915831835242e-05
0.000000000000000000e+00
-4.358058049333217031e-04
-6.926406926406926401e-04
5.307855626326963812e-04
8.497620666213459724e-05
4.398697985396322722e-04
6.313700730585369977e-04
-1.646732535968105328e-03
-4.283965728274173428e-03
0.000000000000000000e+00
-1.719838335196491449e-04
8.775008775008774598e-05
8.830801836806781793e-05
-1.776041204155936364e-04
0.000000000000000000e+00
8.576329331046311506e-05
5.136546528550637366e-04
3.453038674033149028e-04
-1.230985667809724815e-03
0.000000000000000000e+00
-1.788268955650929894e-04
3.493144703519343044e-04
-1.228501228501228471e-03
6.232193732193732098e-04
1.237514364006010769e-03
2.602133749674733279e-04
-8.904719501335708258e-05
5.108991825613078564e-04
9.516394151743230896e-04
-2.574223442594816965e-04
-4.316298342541436284e-04
2.565856996236742988e-04
8.542627712284298883e-05
2.579313902501934692e-04
3.532632694515587578e-04
-8.679048776254122746e-05
-3.533256779436445643e-04
3.420265070542967108e-04
0.000000000000000000e+00
2.605071205279610837e-04
-8.953353030710000239e-05
-1.769441741130673394e-04
-9.083477155054954510e-04
3.585514521333811665e-04
1.767408978437610544e-04
-4.263665046473949071e-04
-6.824191759788449671e-04
-1.874733702599062652e-03
8.729812309035355454e-04
