0.000000000000000000e+00
1.191590773682866655e-03
8.778860503906593411e-05
2.621231979030144189e-03
-3.111153012161780012e-03
1.635991820040899819e-03
3.568328672003085941e-03
-5.997153893067696910e-03
-2.690824289173916989e-04
1.315032464863976356e-03
4.156621498046387652e-04
1.376817829790895733e-03
1.273993545099371414e-03
-5.631083581369157294e-04
-1.397013882825460639e-03
-2.376599634369287208e-03
2.277904328018223127e-03
-1.660548855095263015e-03
6.247071685147587410e-04
8.819119851838786838e-05
-2.007360321177651449e-03
-8.727526618956187943e-04
4.486719310839913611e-04
0.000000000000000000e+00
1.361702127659574543e-03
1.717475311292400160e-04
-4.730928444707274173e-03
-7.251503360452776423e-03
1.804692199719270087e-03
-6.383948928408572643e-04
-4.611837048424288592e-03
1.486273824095121548e-03
3.202479338842975209e-03
1.658099817609020102e-03
1.103846480427952753e-03
2.323420074349442487e-03
4.245563386261356825e-04
-2.351557907113462683e-03
0.000000000000000000e+00
1.054945054945054857e-03
-2.450122506125306052e-03
1.461133839859731116e-03
5.863628748534093285e-04
-7.994883274704189726e-05
8.171269815329302330e-05
3.551767004084532028e-04
0.000000000000000000e+00
-2.616025578916771847e-03
8.736676568233443395e-05
2.561912894961571496e-04
-1.949469744229569580e-03
1.645819618169848614e-03
1.116071428571428509e-03
-3.035754441196312006e-03
-5.060301931348570436e-04
-5.716619028174764862e-04
-2.557544757033248291e-03
-8.974463571836501560e-04
-3.823726221202562075e-04
-1.814725198755617105e-03
-3.742164842361306006e-04
1.768488745980707462e-03
7.285974499089253181e-04
2.883402414849522543e-03
-2.437043054427294984e-03
-6.588157786378983933e-04
2.840909090909090988e-03
3.763103664546187457e-03
-7.980845969672784642e-05
6.998512816026594089e-04
2.099036351493178184e-03
4.536433229373405124e-03
1.838557170372964429e-03
-2.273721031919545381e-03
3.874921149860322423e-03
-5.067272409575397304e-03
7.302601551802829485e-04
4.289636238846945902e-04
3.509079743837178827e-04
3.650301149844861997e-04
7.322654462242562858e-04
3.700570945231549964e-03
7.212080234392607807e-03
-4.800426704595964038e-03
-2.095703807195249853e-03
4.840940525587828641e-03
1.792879706309229030e-03
-2.580389043271139483e-03
-6.317889603192196855e-03
8.207185847163960815e-04
4.971002485501242697e-04
4.424387222369701757e-04
-8.008328661808280374e-04
8.158085569253081771e-04
-1.944106925880923495e-03
9.930486593843098047e-04
5.927180355630821008e-04
7.976389885937624168e-05
5.169561621174524396e-04
-5.074684029107622008e-03
-1.027133441752974431e-03
8.129150446530798366e-03
3.162055335968379406e-03
-8.837044892188052720e-05
-1.044344473007711993e-03
-5.720926074908375819e-03
2.237878159966846196e-03
1.107865847517373317e-03
7.627037849175326550e-04
0.000000000000000000e+00
3.117449925960564302e-04
1.477875336868643029e-03
3.291139240506329045e-03
-1.232394366197183191e-03
5.143151037202125381e-04
2.794715447154471569e-03
1.094348471820526855e-03
1.199348924869356701e-03
7.801833430856251706e-04
-2.001455604075691452e-03
2.556237218813906171e-04
2.761715715888495709e-03
1.582417582417582503e-03
1.281816517121406318e-03
-7.871261150953297227e-04
9.822305562996696930e-04
-2.848712992166039203e-03
2.099036351493178184e-03
9.551098376313275733e-04
1.125780370484085521e-03
-6.074279763970843972e-04
7.963192355335338424e-04
7.821666014861164938e-04
-8.751203290452437263e-05
-3.281916639317361160e-04
-9.127418765972983381e-04
-1.612383102225088639e-03
4.810483536534793103e-03
8.450942280064227530e-05
1.264679313459801191e-03
-2.797202797202797200e-03
-5.086469989827059873e-04
3.499256408013297045e-04
-5.426777269555779640e-04
-6.248535499492306614e-04
-2.357255107386066126e-03
1.447439840781617523e-03
3.150726699867872817e-03
1.790991313692128720e-04
-1.103378034289594295e-03
