-3.652300949598246966e-04
1.485608170844939565e-03
3.708511032820322687e-03
1.805869074492099215e-03
2.790178571428571274e-04
1.275626423690205073e-03
7.609094242757609428e-03
4.476676515355000390e-04
1.263081919884518267e-03
-3.759045202518560111e-04
3.137689184200812085e-03
3.311562873700671372e-03
5.379236148466917276e-04
1.006711409395973089e-02
1.231202180986720653e-03
1.760563380281690235e-04
9.315323707498835912e-04
-1.861330851558864671e-04
6.405563689604685390e-04
-4.267683646599473163e-03
1.816860465116279045e-03
1.225812100516592180e-03
3.514288356607787097e-03
-6.463527239150508369e-04
1.196722820583632618e-03
1.544612029801926230e-03
-1.838975297346752066e-02
8.330104610616040003e-03
-1.816365452729089042e-04
8.981761525066446483e-03
2.642007926023777985e-04
-2.023919043238270495e-03
7.940008822232024789e-04
2.374620060790273452e-03
1.607142857142857114e-03
-2.091479494407565490e-03
-1.073441273816978271e-03
1.844848261230513844e-03
1.903855306996668300e-04
3.716090672612411857e-04
-1.858908820522353394e-04
1.709484257291868023e-02
0.000000000000000000e+00
3.519577650681918147e-04
-6.453397252696598495e-04
-8.943743851176101916e-05
3.681885125184094186e-03
1.821659531833500411e-04
-1.021355617455895924e-03
1.144668486396055321e-03
9.686509334272631541e-04
5.286010949594109783e-03
8.093525179856114879e-04
1.371867569050667620e-03
1.216431178066810235e-03
-1.832005129614362911e-03
-4.550832802402839474e-04
-3.708511032820322904e-04
-9.299730307821072589e-05
-1.814058956916099865e-03
4.746985664103294607e-04
1.939953810623556681e-03
1.384146904124757861e-03
-2.641509433962264345e-03
3.677146534289391544e-04
2.554315913094538926e-02
-2.295262578038927657e-03
-4.241406733233189091e-03
1.118151323145732349e-03
2.570222140627868336e-03
9.301460329271695848e-05
-2.051556507002051406e-03
1.698433666729571570e-03
-4.698581560283687786e-03
1.968873054565910274e-03
2.027649769585253454e-03
7.846556233653007723e-04
0.000000000000000000e+00
1.609543647036546041e-03
1.784280488892853948e-04
7.260186949813958240e-04
-1.251005272093646788e-03
-7.444630560208449765e-04
3.209536909674461438e-03
9.999090991728025631e-04
-3.578137579389927751e-04
3.970880211780277759e-03
-1.123069723912026221e-03
3.680191369951237371e-03
8.364312267657992824e-04
2.151694459386766910e-03
-1.390562714378418534e-03
-2.836879432624113450e-04
1.749700709089234679e-03
-4.449691245913548615e-03
4.129516658845612358e-03
2.825656965244419398e-04
-4.740684554849720206e-04
-1.232068995863768411e-03
-5.839691061505133604e-03
9.850452225306706878e-04
1.935127165499447074e-03
4.645976584278015088e-04
1.071907101384546573e-03
9.058791557206268821e-04
2.801120448179271732e-03
2.228958630527817526e-03
-3.770114942528735805e-03
-3.182069728832318672e-02
-1.950222882615156028e-03
2.746498214776160393e-04
3.467666354264292271e-03
-2.003825485016850344e-03
2.671891699323120702e-04
9.301460329271695848e-05
-9.305788200260562207e-05
1.706637923291116519e-03
3.361344537815126252e-03
1.006772835438403749e-03
1.840942562592047093e-04
9.535856767539164711e-03
9.158347834050737496e-05
8.868761203887159938e-03
3.130870381966186552e-03
-4.550832802402839474e-04
4.652028284331968886e-04
-1.002551950419248907e-03
-1.232694860610658149e-03
-1.301236174365647457e-03
9.173470323823501897e-05
-1.862370798025887036e-04
8.951750067138125643e-04
3.751641343087600651e-04
5.628517823639774854e-04
-1.793561115595013970e-03
-5.352363960749330742e-04
1.971679512457429843e-03
4.636068613815484251e-04
-2.619858527639507256e-03
-4.118911174785099862e-03
1.563362148243516636e-03
2.510460251046025063e-03
0.000000000000000000e+00
2.312887408640947485e-03
3.123277604262355255e-03
-1.236329053732762801e-03
-2.267573696145124777e-03
9.305788200260562207e-05
-2.322772461209700063e-03
-1.612036539494895223e-03
-9.329228472805298992e-04
5.323620061641916659e-03
3.717817641044706789e-04
-2.482758620689655329e-03
4.385964912280701836e-04
6.426145230882218369e-04
6.375808361417250898e-04
-2.714932126696832800e-04
1.201034737620103581e-03
-1.303902393592251035e-03
6.443298969072164826e-04
-4.533502584096472921e-04
-8.474576271186440432e-04
-6.161429451632779086e-04
2.684323550465282909e-04
8.362757851700427375e-04
2.813203300825206123e-04
-1.182248090214623425e-03
2.521714766040907777e-03
-1.863759202311061501e-04
-1.590717694395059421e-03
2.366020524515393547e-02
-2.270044492872060147e-03
5.891016200294550698e-03
-7.941410041471808068e-04
-5.628517823639774854e-04
3.244044860506071094e-03
7.450176941702365370e-04
5.385996409335726655e-04
-7.416334476684898489e-04
-8.920606601248885293e-04
1.789068789694963876e-04
-6.229958772331653342e-03
-5.628517823639774854e-04
9.177679882525697271e-04
-1.795332136445242435e-03
-1.403837154890032668e-03
-1.270186898929413950e-03
-1.027077497665732997e-03
6.542056074766355520e-04
3.136820739920657096e-03
-1.464262835178914554e-03
4.597278411180581227e-04
-5.514705882352941100e-04
2.667893284268629209e-03
5.589714924538848658e-04
-6.158718986450817823e-04
-2.678810608090007820e-03
-4.028287530212156485e-03
1.304631441617742915e-03
