6.598947134277451977e-03
2.684271619268717261e-03
-6.594509354168160212e-03
5.210659520619324641e-04
-5.066589461493920150e-04
-7.894159783641547037e-03
3.712228079293191946e-03
-1.137454760322032660e-02
-3.482298316889146858e-03
4.545793278187644157e-03
4.096593359206554194e-03
-4.778006468685680984e-03
-1.171061139449673140e-02
-2.770083102493074798e-03
-2.406985573272589149e-02
5.270092226613965966e-03
-4.410927717700625743e-03
-4.942825525636296291e-03
4.289623548554100801e-03
2.017032720753025605e-03
5.216257335361878210e-03
6.297795771479981590e-03
6.249535004835949856e-03
1.703445605884630273e-03
1.560400179184709586e-02
6.078343088698784369e-03
-1.506949524506217934e-02
-2.975083674228337551e-03
-3.629500580720092912e-04
1.161440185830429732e-03
-1.368653421633554169e-02
2.605523710265763519e-03
-2.203338847947059614e-02
2.665284667209594834e-03
6.249535004835949856e-03
1.351351351351351426e-03
1.229318076387815074e-02
4.391514700409378073e-03
-1.424095699230988382e-04
-1.476520283126569674e-02
3.618372470831487421e-03
8.680824678344443296e-03
9.664024160060400923e-03
8.761508761508761747e-03
-2.190420560747663524e-04
1.031704194592966348e-02
-1.548436308161708561e-02
-4.479768786127167994e-03
3.955575840559865872e-03
-2.121533565691771303e-03
-1.702259362426493351e-03
1.416219439475253526e-03
9.449047826718999380e-04
-1.150449046240629471e-02
2.721088435374149472e-03
-8.844251236696147947e-03
-2.481037782661090190e-03
1.419253100136191013e-02
-5.225543687082149016e-03
-1.261970158117437391e-03
-1.114247511513890990e-03
-3.621089223638470668e-04
-2.773826458036984278e-03
7.563152321887763041e-03
1.000538751635496066e-03
-4.207263064658990116e-03
2.589182968929804214e-03
-7.849293563579277239e-03
-6.124887959366597315e-03
-3.344238458742275748e-03
3.716366879738367685e-03
3.024574669187145293e-04
-1.057255602710148110e-02
7.141783190497669360e-03
2.925687536571094146e-03
-4.874025194961007987e-03
-1.737871107892831378e-03
-3.819597473189364090e-03
-1.631839326589382133e-02
-1.150449046240629471e-02
8.357988165680473036e-03
1.478287650138589496e-02
4.417821040808686019e-03
5.989795163795015760e-03
7.040671110778219145e-03
7.466029565477079119e-03
2.589182968929804214e-03
-4.711689477226834247e-03
1.688370684433676550e-02
3.061529271206690685e-03
5.877034358047016245e-03
2.373183031741323175e-03
5.068574836016696145e-03
-1.413635694301281116e-02
-1.417706564276748071e-02
5.255957952336381099e-03
-4.958075100255194927e-03
-2.446839498980483626e-02
-5.435181784796181033e-03
-8.615567439096850216e-03
-5.932957579353307937e-04
5.216484089723526750e-03
2.730865971972691424e-03
-2.001185887933590313e-03
5.339842856053093022e-03
-3.821926534078844747e-03
-9.646069045546852919e-03
-2.157342154465698234e-04
1.268786345442187227e-02
-2.618388568863619544e-03
-3.367759317467444811e-03
9.449047826718999380e-04
-5.668433451118963864e-03
-1.299197554451662212e-02
5.146419251957089040e-03
1.177856301531213104e-03
-1.789442290486131923e-03
-1.246425691033066930e-03
-6.661356889435956531e-03
-4.515536506964640956e-03
-6.202116016052535742e-03
1.989109060656481590e-02
2.095024317246539387e-03
3.820095141992215643e-03
5.924083961091201542e-03
-1.108893324462186664e-02
-7.798573975044562935e-03
4.887866589994249895e-03
1.239609158524135899e-03
1.772264067346034522e-03
-6.021442208841239555e-03
3.558465589637748372e-04
-3.056736002385745249e-03
6.628369421122404150e-04
4.785762356987960722e-03
1.061028500619578749e-02
1.495550736558737834e-03
-7.274802082590400149e-03
2.589182968929804214e-03
-2.612915266890630632e-03
9.553911356942747929e-03
6.982506194158720654e-03
1.830803264932489129e-03
6.258692628650903630e-03
-1.159888415797973894e-02
-1.735357917570498837e-03
2.775140582779522282e-03
6.292456203074722927e-03
-5.418376035296849783e-04
-3.547105561861520900e-03
-3.252753751755747651e-03
8.142835798595548374e-03
1.462736780516346016e-04
1.045568039950062374e-02
7.040671110778219145e-03
-7.093787335722819172e-03
-7.093787335722819172e-03
7.318894697535474093e-03
3.244598480937983895e-03
7.365652010522360203e-03
-8.642419877565718153e-03
-3.624238909828935828e-03
-1.209677419354838676e-02
3.254617014834998694e-03
-3.188636857743314644e-03
4.096593359206554194e-03
2.891459074733095883e-03
1.738752445120625998e-03
-5.314249273719266059e-03
-5.282221551463929781e-04
6.051894999621756184e-04
1.799758015728977756e-02
-7.712633007212739943e-03
5.145797598627787663e-03
5.968411092510371614e-03
1.351351351351351426e-03
-1.706635280270707780e-02
6.224988883948421280e-03
3.802559414990859445e-03
9.606724707295106677e-03
6.628369421122404150e-04
2.011323003575685511e-03
2.256022123571792444e-03
2.600683608262743460e-03
-2.011622708985247917e-03
1.823885605894798225e-03
-5.115089514066496583e-03
4.503506829088224292e-03
-1.490932549638018800e-02
-1.462385044474596649e-02
-2.652139631567629764e-03
-1.961354060729333243e-03
-9.178386380458919760e-03
6.305359555622279052e-03
-9.111094096929790720e-03
2.204909598706453026e-03
-7.277490721199330465e-04
-3.409680527759246897e-03
9.553911356942747929e-03
-4.121074321443796672e-03
