3.696584356055005404e-04
-2.064196511507895686e-04
3.968562757762041614e-03
-9.960159362549800624e-04
7.524454477050413577e-04
-3.091667954861647850e-03
-3.972983710766785840e-04
-9.893455098934551308e-04
-5.195190737717084390e-04
-6.779661016949152996e-04
-3.129890453834115551e-04
7.259666819501757809e-03
2.610164286810993245e-03
-1.616161616161616214e-04
5.463589659952703195e-03
-1.527564430790237168e-02
2.302909342135564790e-03
-2.388289676425269566e-03
7.433838834374071258e-04
-5.406240345999382231e-04
7.064364207221350382e-04
6.310679611650485063e-03
-3.020035356511490809e-03
-4.821783114304623551e-03
-4.570732078921307083e-04
-8.118680345412945072e-04
6.095702529716549422e-04
3.924030764401193068e-04
0.000000000000000000e+00
-4.777830864787386287e-04
6.976203395085651742e-04
3.253865979381443535e-02
1.793627347541675368e-02
1.022334067316766270e-03
1.592356687898089089e-04
1.578407386946570909e-03
7.695267410542515774e-05
7.692307692307692572e-05
-2.674217398143778363e-03
-1.323818388664805071e-02
-1.062779928641919029e-03
2.624081571449992691e-03
-1.549066687320889207e-04
7.550018875047188221e-05
-7.550018875047188221e-05
2.356082619963873381e-04
-3.548301250776190845e-03
1.257762754500432343e-03
6.252931061435047571e-04
-2.326302729528535978e-04
-2.216803369541121599e-04
5.337399923751429782e-04
-1.353281708142244945e-03
1.358183052893684444e-03
7.747133560582584869e-05
7.491759065028469171e-05
2.292000916800366781e-04
-3.715814506539833742e-04
-6.904487917146145222e-04
-1.732722565226050421e-02
1.693610469591993887e-03
0.000000000000000000e+00
7.656967840735068678e-05
2.758811588854032104e-02
-2.741887760134135640e-02
-3.180661577608142731e-04
2.230009557183816691e-03
-8.527472527472526945e-03
-1.094776352830778912e-03
-8.512087163772556384e-05
-9.638554216867470728e-03
7.955449482895784249e-05
-6.015037593984962766e-03
-5.258413461538461288e-04
-9.015777610818933403e-04
6.166797180892717375e-03
-2.316717734100590467e-03
2.240143369175627130e-03
2.216967188885604558e-04
1.087125330020189545e-03
4.574914220358368075e-04
7.066028107089581583e-04
-2.441899629504883963e-03
-6.015037593984962115e-04
1.830443159922928806e-03
3.125244159699976554e-04
3.056736002385745249e-03
1.220349324994279665e-03
-7.601672367920942483e-05
1.202866405050332689e-02
-3.797949107481959647e-04
-7.911640294532350931e-03
2.322340919647004215e-04
4.303873486137524060e-03
-6.882312456985546865e-04
-3.819417920708883781e-04
-1.053106664660749233e-03
9.060955518945633738e-03
-2.042711234911791934e-02
-1.062004738174985620e-03
7.815552950371238762e-05
-7.523888345496952668e-05
-1.603849238171611846e-03
-9.706563129993280329e-04
-2.226994352978605048e-03
-5.326434332673869905e-04
7.708317274339011535e-05
-5.819426615318784579e-03
9.684147794994040588e-04
1.667045540653178722e-03
1.506704836522525172e-04
2.270663033605812816e-04
3.784075990423971161e-03
1.130285598950449104e-02
5.498563807960606988e-03
2.259887005649717485e-04
1.267665952890792251e-02
2.344665885111371628e-04
-7.636502481863306129e-05
-3.052969012364524764e-04
1.593752490238266090e-04
1.925001925001925069e-03
8.454384751364230500e-04
-1.260659992584352946e-03
5.963029218843171999e-04
3.624556369402703437e-03
-1.051524710830704489e-03
-5.089921954530030393e-03
-6.640106241699867372e-03
-7.739938080495356500e-05
-1.353503184713375712e-03
-8.081517919887561824e-03
1.677980321867134431e-03
2.083976535967891133e-03
-1.107011070110701031e-02
6.831119544592029972e-04
6.150061500615006333e-04
-4.510260843418777621e-04
-1.564822783819732319e-04
1.066260472201066307e-03
-1.482359916987844586e-04
1.976909694765143204e-03
-2.951376079096878699e-04
-6.072874493927125569e-03
-1.270268250765896941e-03
5.566157760814249237e-04
1.606732976281560841e-03
-1.202013372398767896e-03
-1.115715651896716709e-03
-1.160585602670105403e-02
-3.125488357555868102e-04
-2.079642609566356194e-03
-1.594133588394707379e-04
2.938485002541942059e-02
-1.518487586363981409e-04
-6.766917293233082244e-04
9.766358650739989829e-04
7.411250277921885028e-04
3.040900106431503936e-04
1.090003114294612165e-03
1.133187278084158041e-03
1.818955430273375140e-02
7.515406583496167428e-05
-5.194805194805194801e-04
-9.767092411720511638e-04
1.506591337099811656e-04
-2.651454282500401681e-03
-5.901445854234287211e-04
-2.265290712308079372e-03
-7.848061528802385324e-05
-6.925740669488264197e-04
-3.097893432465923208e-04
-3.556792700842805258e-03
0.000000000000000000e+00
-2.280501710376282745e-04
1.092896174863387977e-02
2.644885258654220035e-03
2.126267582597317438e-03
1.108565516222008657e-03
-1.172870984191738859e-02
-1.861269324654190455e-02
4.347826086956521792e-03
1.500487658489008818e-04
-1.296609486993637733e-02
0.000000000000000000e+00
7.638252367858233563e-04
-4.457652303120356496e-04
-7.711289327575570859e-05
0.000000000000000000e+00
-3.084753605305776180e-04
-5.915847075353102133e-04
-7.593924860111910674e-03
-7.849909726038150357e-04
-1.032608695652173850e-02
-5.596434863716447279e-03
-2.441550754661142401e-03
3.039975680194558221e-04
-1.593806921675774242e-03
-2.478035593602162610e-03
0.000000000000000000e+00
