-3.227998640842677687e-03
2.341164123678049751e-03
-1.930708999249168816e-03
-3.075837031060911497e-02
-2.717629525729815202e-03
5.578183106074021541e-03
2.410606669345118482e-04
2.666429650697715870e-03
-2.115024810867973531e-03
-3.055830855632639658e-03
3.223495702005730722e-03
7.045354469396741294e-04
6.021031207598372126e-03
2.119853240929473956e-03
-9.044862518089724635e-04
4.589371980676328414e-03
-5.325380764724678331e-04
5.181863477827603100e-03
-7.870916961826052334e-04
-2.415042263239606819e-03
-3.912056959549331070e-04
5.740528128587830438e-03
2.436477549599721463e-03
1.825557809330628778e-03
4.947870648524474620e-03
7.955724662746454026e-03
1.716738197424892828e-04
2.985598876009834882e-03
-3.218279829431168818e-04
-2.337662337662337747e-02
4.207322531554919323e-03
4.597936037600899341e-03
-1.052846775017888224e-02
-1.544324107501002762e-02
4.680468046804680052e-03
-2.708650753343490834e-03
6.303072747964632780e-03
5.023773212523548713e-03
5.237778516794146765e-03
-9.313351960037253349e-04
-2.521159733477399724e-03
2.807411566535654001e-03
-5.747126436781609116e-03
-4.425953793042400677e-03
-1.534019130120916827e-03
1.021537413807780672e-03
2.870985106764758869e-03
3.947774236660840652e-02
-1.182732111176818543e-03
-6.897261684167181259e-03
-1.183371064004939271e-02
4.620462046204620518e-03
8.043758043758043495e-05
5.897568546301086567e-03
7.641365257259296988e-04
-2.816051493513024254e-03
1.404494382022471871e-03
-2.212801158101540544e-02
-6.619669876203576608e-03
-2.398081534772182307e-04
-1.867704280155641980e-02
3.098906774554532288e-03
9.565217391304348072e-04
-5.413385826771653468e-03
-8.658008658008658001e-03
6.570302233902759227e-03
1.933895921237693480e-03
-9.373535385096079271e-04
9.442060085836910012e-04
9.378463637138716212e-04
-3.949447077409162440e-03
-4.363847944142746314e-03
-5.144124168514412412e-03
4.204368887670231585e-03
-3.471634208298052336e-03
1.277356723154219557e-03
1.528364649824687487e-03
8.835341365461847878e-04
2.650602409638554147e-03
-5.953393434257526389e-04
7.575757575757575968e-03
-1.867469879518072334e-02
5.568028738212842457e-03
5.659309564233163834e-04
5.028663381273257597e-04
1.795332136445242435e-03
-3.427592116538132148e-03
4.955501618122977459e-03
-3.061484820137766894e-03
3.899851805631385790e-04
2.793296089385474950e-03
4.990324880334046087e-03
-5.072146917358985249e-03
1.963832746911054698e-03
-1.845504877405747431e-03
-1.929692088262438153e-03
4.673721340388007316e-03
3.301127214170692520e-03
5.098839033573893641e-03
3.744071886180214571e-03
2.294698820779772497e-02
4.269125683060109692e-03
-1.087171377742636924e-03
-3.293701799485861201e-03
2.305475504322766680e-03
2.679938744257274064e-03
-9.328173067381165251e-03
1.309929263819753628e-03
-3.432263274782959908e-03
1.282873636946760655e-03
-5.020996896111009841e-03
1.163854019452988673e-03
7.474701011959521309e-03
1.371886872097931526e-03
1.477361605978969429e-03
2.575991756826378175e-03
1.779201138688728853e-04
1.696883093685808619e-03
-7.387778045450895011e-03
-1.026365348399246695e-02
-7.217900392974576891e-04
6.210629047999290152e-04
9.410556933869449695e-04
-2.347969006809110177e-04
2.109280835676978841e-03
5.467468562055767881e-04
-6.317119393556537782e-04
3.552082408311872837e-03
-2.903319461918126270e-04
2.167880679847381149e-03
-4.920049200492004416e-04
-6.831318970047293646e-03
1.820498816675769095e-04
-1.578073089700996780e-03
4.946327089033887396e-03
-4.521773321537403238e-03
-1.715901335673198844e-02
-2.945479371891153789e-02
1.209884138213882833e-02
7.180551950860800982e-03
1.262732553245222555e-03
2.494838265657261037e-03
1.351123121094409754e-03
5.702066999287241922e-03
-1.832508704416346054e-04
2.721306226988954701e-03
1.694771629522921720e-03
-3.845465927383294458e-03
8.690557562738013969e-03
6.289308176100629269e-03
2.566076469078778567e-04
1.110351896139391949e-03
2.269751200349192505e-03
1.144601297214803415e-03
5.682971382179825316e-03
-2.188950179493914794e-03
-5.428659223599303744e-03
3.869492568815407520e-03
-2.981810953185568230e-04
6.344658207122390835e-03
-4.707532051282051037e-03
1.456851486845488078e-03
1.066360429825280974e-03
0.000000000000000000e+00
5.822293477343683764e-03
2.327549724925941695e-03
-4.003639672429481697e-03
4.253595300789953480e-03
7.293514685590380547e-03
-5.112474437627812125e-03
5.982512655315232360e-03
4.336909381419767201e-03
-1.004856807904873578e-03
-1.992031872509960125e-03
-3.210845522654299112e-03
2.622606871230002620e-04
2.280605728881591153e-03
3.250446936453762451e-04
1.301623011409288114e-02
1.328844790928419579e-03
-2.453293074164936832e-03
-5.019240421616195198e-04
-2.478656017625998405e-03
2.050756216354780812e-03
5.702722590139808895e-03
5.242114615726344018e-03
4.407544075440754557e-03
-3.501094091903720045e-03
0.000000000000000000e+00
-5.603323350400927355e-03
-6.752077562326869523e-03
3.221704111911827175e-03
-9.202710616581611736e-04
4.595008559329669638e-03
-4.461099214846538617e-03
7.871261150953297227e-04
-4.014989293361884322e-03
-7.860262008733624305e-04
5.127794247255829281e-03
6.053569947756861670e-03
