-6.330258636281424749e-04
1.051643192488262851e-02
2.635689183912534161e-03
4.320027648176948142e-04
-1.463414634146341462e-03
-2.563445270443476015e-04
1.715756362596511332e-03
2.269503546099290760e-03
5.868329359985329126e-03
2.594931234322290278e-04
-7.146783947223749392e-03
-2.873786407766990361e-02
1.101523774554800808e-03
2.745241581259150881e-03
6.408495834477707584e-04
-3.841580535991951165e-03
3.480387545856457408e-03
-1.229663261445327173e-03
1.317523056653491492e-03
-3.455723542116630837e-04
-6.595063124175616805e-03
-4.295901709768880686e-04
-5.186273662373584942e-04
-8.768913342503438513e-03
-1.115305422100205945e-03
2.351613206659768519e-03
-1.685077700805092662e-03
-1.646090534979423835e-03
-2.068057905621357301e-03
-3.681546249424758467e-04
1.871082421180653003e-04
2.531187850298318581e-03
-8.549931600547195504e-04
-5.483959418700301265e-04
-4.239963915200721870e-03
1.894591801584567759e-03
4.252062250191342607e-04
0.000000000000000000e+00
1.026167265264238014e-03
3.381869422263973808e-03
-3.221476510067114007e-03
-2.968460111317254048e-03
-2.297676793464386007e-03
-9.505703422053231343e-05
-3.001031604614086152e-03
2.555801669790424527e-04
-5.896338563956253324e-03
-6.941314342378076055e-03
-4.498594189315838904e-03
3.426124197002141498e-04
1.500797298564862615e-03
1.136040897472308979e-03
-6.237747282124399013e-04
-1.520767987833856073e-03
3.006671051395283251e-03
-1.282642797822275589e-02
-1.188082617437397244e-03
-4.623208506703652089e-04
-1.468555632342778260e-03
2.558514166587700246e-03
-5.126890540886952030e-04
9.225943352707814031e-04
1.205154352461295991e-03
-2.369452291989428486e-03
4.254232961796987908e-04
-1.191239805736277798e-03
-2.134745111433694695e-03
-1.029247791405781031e-03
-2.250630176449405859e-03
1.370567072126092261e-03
1.213478950807430224e-03
-2.770338904792686314e-03
1.444043321299638910e-03
-7.775175644028103038e-03
-3.408567480423767976e-03
-1.375161151697464447e-03
1.724763979665940418e-03
7.783447202283144207e-04
-1.551322933724036835e-03
-1.831669566810147391e-03
-4.133007702423445104e-03
9.149130832570906207e-04
-3.602629919841484436e-04
-3.420265070542967108e-04
-1.122916126803144218e-03
0.000000000000000000e+00
-8.534607834769992107e-04
9.358516249787306824e-04
-2.254595907041276586e-03
2.251082251082251080e-03
-7.189542483660130330e-03
-6.577092924927182248e-04
-4.670670098179391730e-03
-1.111871365035922016e-03
-9.153318077803203573e-05
9.373549883990719284e-03
2.230151650312221269e-03
8.549444286121401972e-04
-1.896878772202103755e-03
5.407387040601227719e-03
1.113275814082939023e-03
4.518627812615270967e-03
-8.644536652835407668e-04
-2.231312755671253055e-03
6.003430531732418867e-04
-8.944054029387606825e-03
-1.387925052047189398e-03
-9.866712826726674671e-03
3.953634648216371346e-03
-3.308128544423440381e-03
0.000000000000000000e+00
-1.564945226917057938e-03
7.691650286300316533e-04
3.397924510974377910e-03
1.724763979665940418e-03
3.610108303249097276e-04
9.965573473455335406e-04
-4.932554862089792366e-03
-6.844041406450509461e-04
4.518627812615270967e-03
-5.270209915140687713e-03
1.813496229836785399e-03
-1.115305422100205945e-03
-1.594148537134283542e-03
1.202129486518976496e-03
-2.251277166854272899e-03
-2.944997834560415979e-03
1.533327320285018469e-03
-2.555366269165246836e-03
4.623208506703652089e-04
1.959439600274321617e-04
2.821405059719740357e-03
-2.079002079002079117e-03
6.218457101658254882e-03
6.018916595012897483e-04
2.794051374493014810e-03
9.119095385737734690e-05
2.355499184634897696e-03
2.410068731589752773e-03
4.014964869057395698e-03
9.603380389897243517e-05
-3.438914027149321366e-03
3.566015868770616064e-04
6.384531192995257509e-04
-2.770330652368186049e-03
0.000000000000000000e+00
-1.836969001148105671e-02
5.199757344657248868e-04
1.283959806475623404e-02
-1.646732535968105328e-03
1.897173211914247697e-03
1.203266007735281527e-03
-2.909962341663813873e-03
6.610633676456700207e-04
1.439755241608926470e-03
4.685346807533302335e-03
8.577064928381508138e-05
2.826455624646692839e-04
5.128674787068412781e-03
-9.140767824497258282e-05
2.975904771047326383e-03
8.972633467922835611e-05
-3.740193395365809265e-03
1.032185418035094305e-03
0.000000000000000000e+00
-7.359028608223714763e-04
7.225830055794383797e-03
-4.163906501372196568e-03
-1.462522851919561238e-02
-4.520795660036166217e-04
1.003558069519204510e-03
1.371389388874603510e-03
-1.877053026748005666e-04
1.108363884389120977e-03
-7.743267658952078091e-04
7.013278473910603862e-03
-3.142959770114942594e-03
2.753809436387001913e-03
2.257973468811741522e-03
-1.794043774668101958e-03
-9.579461634256155353e-05
-6.547563371059769667e-04
-5.738750227728183460e-03
-2.782308356519236272e-03
7.445323406235458685e-04
-1.103854291233557269e-03
4.888596408761869232e-03
-8.794215360562829351e-04
3.247355724624234694e-03
-2.430899432790132545e-03
-8.474576271186440432e-04
-3.830718715797154506e-03
3.566015868770616064e-04
-3.779094735033925855e-03
7.103534008169064056e-04
1.315047905316550853e-03
-9.055510278004165546e-05
8.602150537634408053e-05
-3.642476884281311330e-03
-2.045171616574782258e-03
