6.187161639597834164e-04
-1.385849744711889139e-03
7.667535654040790881e-05
-1.577660329731008870e-04
9.038619556285948636e-04
-3.981363828886065603e-03
2.854695974878675591e-04
-2.239474469991042103e-04
-5.840171508834183893e-03
1.176297603293633342e-03
3.165558721114276647e-04
-3.227628499959654695e-04
-4.443786105762109490e-04
-5.195576337860906930e-04
-3.519779631188308007e-03
3.058571647040831992e-04
1.659475605708596009e-03
1.566462777860659367e-03
7.192692224699704794e-05
7.354142833796372368e-04
-4.391100702576112408e-04
7.464357692020602195e-05
-5.099810578464228101e-04
9.075907590759076018e-04
-5.904494796663960644e-04
1.554122309425751743e-03
-4.008337341670674880e-04
1.660026560424966680e-04
2.303389272787100938e-03
1.633622930125491974e-03
8.831085420680796208e-04
-3.156565656565656834e-04
4.687499999999999827e-04
-5.698411567775482677e-04
-7.012130986606829861e-05
9.329808738920852438e-04
2.320724065908563575e-04
7.811279487580065155e-05
-2.238805970149253754e-04
3.847633705271258429e-04
-1.157509157509157595e-02
3.729395092116058528e-04
-9.650360032662756585e-04
-6.291148500365764326e-03
1.712462053397680473e-03
5.179047055341816624e-04
5.533596837944663744e-04
-1.399036219493238024e-03
-8.678500986193293711e-04
1.508068164681043537e-04
8.169934640522876065e-04
1.110318026806249607e-03
-1.474468415334471505e-03
6.577985674608975188e-04
-1.201621820862513838e-02
-3.691399040236249384e-04
-3.355181023720349518e-03
3.251311608660312040e-03
-1.328793289593887487e-03
1.458257382427998524e-04
-1.247614853955673073e-03
2.589657066624813722e-03
-7.371913011426464875e-05
3.204101249599487235e-04
-2.948644442624293385e-03
-7.416747014759327071e-05
-2.173575531749728090e-03
-8.056719303899452804e-05
1.630656339176518490e-04
-7.414547341884777335e-05
-1.317137421337626155e-03
8.697714873092432823e-04
7.309407207075506235e-04
-2.297393646518260373e-03
-3.197442046362909923e-04
1.185021330383946841e-03
5.925925925925925849e-04
1.183957377534408705e-03
-6.613756613756613389e-04
3.845858010922236490e-04
7.448789571694599361e-04
3.130870381966186443e-04
-1.278465840990810959e-03
0.000000000000000000e+00
1.010258004351880607e-03
1.597571691029634876e-03
2.174419507649297083e-03
0.000000000000000000e+00
7.045009784735811785e-04
-7.973845785822502197e-05
1.629026286560533113e-03
7.457739476300961684e-04
3.799680826810547703e-04
9.747319487141036442e-04
-6.321112515802781821e-04
1.554847236259037496e-04
5.311480385461719552e-04
-4.451699065143196435e-04
2.772876228888328503e-03
-3.168567807351077114e-04
5.638965249876648142e-04
-3.484898771988051772e-03
2.224034398398695277e-04
1.424608232735997525e-03
6.648936170212765796e-04
-2.186270222999562804e-04
9.481668773704171648e-04
1.415369244858879355e-03
1.439677512237258841e-04
-9.875149890667983977e-04
2.643383530919576983e-03
3.721899657585231577e-04
-7.399186089530151555e-05
-6.591475025633514043e-04
-9.332711152589827537e-04
-3.584229390681003581e-03
-5.463627848891663540e-04
2.404045428168780432e-03
0.000000000000000000e+00
0.000000000000000000e+00
0.000000000000000000e+00
4.738213693437574306e-04
-7.699414844471820290e-05
1.163467132053519438e-03
1.432562137382708959e-04
-1.518948887369940114e-04
-1.637599279456317136e-04
-1.263658663495131201e-03
6.427251546557403864e-04
8.237849172470605719e-04
-7.408504963698325080e-05
0.000000000000000000e+00
2.331908278274387957e-04
9.611533840608730206e-04
3.977724741447891989e-04
0.000000000000000000e+00
-2.220759993419970518e-03
7.392804337111877691e-04
2.339363693075483463e-04
-2.964719833975689172e-04
5.701660608652270182e-04
7.103393843725335204e-04
1.561645974857499806e-04
6.710908955335172970e-04
-1.620745542949756756e-04
1.549907005579665147e-04
-7.658140603461478888e-05
7.272198385571958809e-05
8.811984298646158287e-04
-5.084992009298270688e-04
