-1.224527949149373761e-02
2.811536368583348634e-03
-5.572065378900445919e-03
-5.712109672505712513e-03
-4.811320754716980758e-03
8.002910149145144383e-03
-1.049609760473670106e-02
1.837053366400293953e-03
4.795278495020287822e-03
6.009834274266982745e-03
4.713868200245121230e-03
1.381112355356476327e-02
1.217150760719225462e-02
1.655691439322671751e-02
1.237132873736896711e-02
5.907874088433490156e-03
-1.282991202346041000e-03
1.462865716429107357e-02
5.762370803987926747e-03
6.310013717421124844e-03
-1.631617113850616224e-02
-3.131581357018588252e-02
-1.269841269841269840e-02
1.381112355356476327e-02
-4.675038958657989213e-03
8.002910149145144383e-03
-1.120316324609301438e-02
1.549135145409617949e-02
1.651119402985074675e-02
-1.100513573000733679e-03
1.396143983284262556e-02
1.159793814432989734e-02
-4.653729421502805080e-02
-1.325811001410437222e-02
-2.291895856252291683e-03
-1.461128469031428012e-02
3.027522935779816422e-03
5.133285302593659782e-03
-1.006894049346879552e-02
3.678837487353996041e-03
1.094680238140964025e-02
-7.390510948905109311e-03
-1.639037182729231185e-02
-8.155410977732979738e-03
2.104377104377104513e-02
7.451835696110505579e-03
-1.493373156617509856e-02
1.511981742107265138e-02
9.207255317189945226e-04
3.446399419553782071e-03
-1.137015096502961946e-02
-8.020381204000755562e-03
3.489760308568280039e-03
2.967625899280575564e-03
5.519779208831647119e-03
-4.811320754716980758e-03
-1.383008749647191699e-02
9.207255317189945226e-04
-4.844419601267002315e-03
-9.803921568627450844e-03
7.245694928013550126e-03
6.358274972355326161e-03
1.002643332421839471e-02
-2.346977093503567393e-03
5.570267555474385512e-03
-3.741114852225963221e-03
5.051416200613386559e-03
-1.631617113850616224e-02
7.956332685724858828e-03
6.507995537374488583e-03
-4.804138950480414325e-03
3.856041131105398395e-03
-1.401740723774622110e-02
-2.227607419144374962e-02
2.258566978193146321e-02
1.394275161588181058e-02
1.549135145409617949e-02
-1.393859483895272186e-02
1.380012966564786447e-02
-1.642729747488970091e-02
5.683868639480332309e-03
-1.100513573000733679e-03
9.787314135140222013e-03
4.269449715370019112e-03
1.611090295991007837e-02
7.330953988617729643e-03
9.306654257794323357e-03
-9.281164695177434448e-03
-6.426006426006426048e-03
-1.751838068439684135e-02
1.262398557258791708e-03
1.837053366400293953e-03
6.052393857271905903e-03
3.107052066660389786e-03
-7.347011916494937747e-03
5.354999538362108409e-03
-3.746002740977615215e-03
-9.049351618621139307e-03
-6.791812093198754639e-03
7.529546321006480754e-03
-4.043002848479279598e-02
-1.000893655049150954e-02
7.146783947223749392e-03
4.269449715370019112e-03
-1.372074253430185554e-02
2.967625899280575564e-03
5.907874088433490156e-03
-1.325811001410437222e-02
1.839249586168843114e-03
-8.289374529012811382e-03
-9.605889218062662813e-03
1.025498891352549964e-02
1.393174380551659604e-02
4.652045950821228661e-03
7.447911756387291110e-03
1.462865716429107357e-02
-6.367075758973886161e-03
3.031138054560485098e-03
-7.665373332071543505e-03
1.298332069749810400e-02
1.611090295991007837e-02
2.797947526382031300e-02
1.511981742107265138e-02
-1.064028374089975686e-02
3.778575477045153976e-03
5.975363118220260866e-03
1.161592505854800936e-02
-6.501346707532274817e-03
-3.757675740078819659e-03
1.549135145409617949e-02
-1.461128469031428012e-02
-1.350210970464135046e-02
5.601983653228028576e-03
1.329271669897535285e-02
3.060929829627490745e-02
1.568777501434857544e-02
9.461426491994178248e-03
1.093194861984148752e-02
7.030210906327189792e-03
7.282701220088905365e-03
-1.206261510128913382e-02
2.162941600576784307e-03
-1.032340581034167648e-02
-8.427755407809720337e-03
5.907874088433490156e-03
-2.584529874942102790e-02
9.461426491994178248e-03
7.459118293965764750e-03
-1.348605209680399028e-02
-7.591000548747027510e-03
-2.106805899056517391e-03
6.310013717421124844e-03
2.489706023173417562e-03
5.389382915656157087e-04
1.025498891352549964e-02
-1.137015096502961946e-02
8.978357433134864091e-03
7.030210906327189792e-03
-5.420303169499310868e-03
-4.653729421502805080e-02
-1.216633375703649912e-02
3.508456279237135659e-03
6.407363956321631381e-03
-1.435094585779517207e-02
-1.974240857384600839e-02
4.055515501081470575e-03
-3.140763300656705236e-03
-1.119644674747848588e-02
6.003509744158122899e-03
1.446930033317467799e-02
-8.204451150509241980e-03
-1.265704979060027977e-02
-5.288506941165360166e-03
-1.460847473006079283e-02
9.254118082546733209e-05
-5.572065378900445919e-03
1.055358342127986175e-02
2.168379372112755766e-03
1.159793814432989734e-02
1.295263307175947842e-02
7.451835696110505579e-03
3.027522935779816422e-03
1.627728839525086069e-02
5.354999538362108409e-03
-3.131581357018588252e-02
6.807101462606935695e-03
2.176673317612914764e-03
-1.461128469031428012e-02
-4.804138950480414325e-03
-4.067205288284980041e-02
2.754820936639118534e-03
-1.450495976043421342e-02
-6.367075758973886161e-03
3.674444240308653419e-03
-5.735280939152253947e-03
-3.757675740078819659e-03
5.133285302593659782e-03
-9.281164695177434448e-03
1.396143983284262556e-02
9.801176141136937192e-03
