-7.658727119552730177e-05
3.049710277523635222e-04
7.267970055963369255e-04
-1.153934918070620734e-03
-2.405524947621634404e-03
5.586982331168377329e-04
1.420560747663551478e-03
5.172159006945470632e-04
-4.421518054532055995e-04
3.216209696872235845e-04
2.164502164502164500e-03
5.660110372152257459e-04
1.412849494348602077e-03
1.400669208621897104e-03
6.021375884389583519e-04
-1.357285429141716479e-03
-1.531628120692295778e-04
7.476635514018692061e-05
-2.410025706940873997e-04
0.000000000000000000e+00
-2.208968411751712055e-04
4.607941018354965172e-04
-7.323324789454412032e-05
7.770611547128759258e-05
7.834534628643058385e-04
-3.813009990086174195e-04
-1.759485924112607052e-03
6.635210852255971200e-04
-4.817342432757928407e-04
7.337295472888693290e-05
5.428460643660333769e-04
-2.191736342235571164e-03
1.833838303300908872e-03
-2.357969199027337703e-03
-1.935952246511252715e-03
3.900764549851770810e-04
0.000000000000000000e+00
1.421666192777935628e-04
2.670017276582377884e-03
5.653710247349823508e-04
1.084677127774965558e-03
-6.675567423230974445e-04
7.429972509101716424e-05
-1.602680847963866865e-03
0.000000000000000000e+00
-9.049029285949325733e-04
-4.820825968182548609e-04
1.582028160101249775e-04
-6.631788372264387291e-04
7.449899426357743876e-05
-1.503081316699233486e-04
-6.994637444625787090e-04
1.171600406154807558e-03
0.000000000000000000e+00
-5.486753409625332598e-04
1.343985664152915621e-03
5.467041549515776807e-04
-4.425757911042266257e-04
3.426187993445553494e-03
2.175707104809063153e-03
-1.328511329249391091e-03
4.434589800443458976e-04
1.566170712607674233e-04
1.236399604352126508e-03
-4.373055251871162639e-03
1.274362818590704573e-03
-1.246882793017456328e-03
6.290187307799832532e-04
-2.159109782428168030e-03
-6.233442418575658355e-04
0.000000000000000000e+00
-2.974641183907190999e-04
-2.112447188820279660e-03
-4.799616030717542589e-04
5.252494935094170194e-04
-6.316620607974733495e-04
2.198285337436799332e-04
1.560792882784454560e-03
-4.125072188763303626e-04
2.237303303751211957e-04
-4.756619628983668876e-04
4.004805766920304343e-04
-1.475688039548439350e-04
-9.431737797689224503e-04
3.286424538636555093e-03
-8.926578888640928321e-04
-1.054216867469879530e-03
8.619338661651778331e-04
1.466920932961713340e-03
-6.526882597699273664e-04
1.596169193934557145e-03
-2.471984179301252543e-04
3.200256020481638585e-04
-4.860267314702308738e-04
-2.125699709487706478e-04
5.195190737717084390e-04
-4.679822166757663382e-04
1.483129403040415247e-04
1.167042713763323698e-03
5.480310028967352995e-04
9.057287342440938690e-04
7.531821947729155150e-05
3.894080996884735093e-04
5.906238464377999231e-04
5.219595854149578374e-04
-2.218442653257413164e-04
3.630554748765611284e-04
-3.240440699935191217e-04
1.500600240096038312e-04
3.679175864606328179e-04
-6.271558482282847116e-04
-1.487763148106821477e-04
0.000000000000000000e+00
-7.410701052319548820e-05
0.000000000000000000e+00
-7.651694850409365115e-05
8.764241893076249110e-04
7.289692374981775842e-04
-1.658374792703150899e-04
7.567158531971245310e-04
1.447992920923497776e-03
3.897116134060795074e-04
-1.518420842323983059e-03
1.116653018685327160e-03
8.095854922279792235e-04
9.585606842648576771e-04
1.692670002943773983e-03
7.368653746960430323e-05
-1.491313101185593782e-04
7.144558228149559429e-04
-7.023567972530045085e-04
-1.907137093816474709e-03
7.411677509676356653e-04
3.800836183960471242e-04
4.831695925269769549e-04
7.798487093503859709e-05
1.383870223725686133e-03
-1.484891231717276670e-04
5.384201215291131194e-04
-4.775169120573020108e-04
-9.339559706470981423e-03
-6.912973346647207458e-04
3.140703517587939853e-03
3.309340613882683969e-04
1.462950771706532035e-04
1.469183868361125455e-04
-3.543529032777643570e-03
-2.010424422933730377e-03
1.711929032760096557e-03
5.015763829177414569e-04
8.188666885031116362e-05
-4.469273743016759833e-04
-3.069603253779449128e-04
2.337905236907730615e-04
4.735595895816890498e-04
-3.063021670878321727e-04
-1.072341829580136883e-03
2.233472304943418842e-03
-3.251239535072746262e-04
-1.481700992739665016e-04
9.339248190520663346e-04
-4.278074866310160201e-04
4.015741707493373862e-04
-9.359644333515326764e-04
-1.592863969417011860e-03
1.556178026766262133e-04
7.457677679170706070e-05
-2.163634906643160504e-03
-4.891342324086367247e-04
1.033632821817603593e-03
8.888230501444337010e-04
2.691110924228408245e-03
-2.969341548511617327e-04
-3.858322401419862812e-04
2.813137351431183584e-04
-2.471984179301252543e-04
-4.057782827463074092e-04
1.131313131313131269e-03
-3.068661296509397635e-04
-3.837418748531599977e-03
1.391845423284755181e-03
1.182819546092999264e-03
7.821054278116689644e-04
-3.159308111523576501e-04
-5.118829981718464638e-04
1.453488372093023236e-04
7.472724555372888770e-04
1.184220264969284295e-03
5.086839619213719913e-04
-1.545953466800649380e-04
2.007733491969066007e-03
-1.248164464023494933e-03
-6.447453255963894302e-04
4.391743522178304972e-04
-4.468275245755138421e-04
-7.534091765237701252e-05
1.419244961680385993e-04
4.358247984310307296e-04
7.009345794392522842e-04
-1.795472287275565963e-03
