2.814698983580922464e-03
-2.462485571373605048e-03
-2.040994330571303805e-02
-3.905334687182691498e-04
1.623064602242391824e-02
1.018345771144278655e-02
1.091107474086197397e-03
3.242591056481411525e-03
-3.616580310880829208e-02
-1.869367691963953401e-02
-1.313958880816200412e-03
3.401360544217687382e-02
7.446408424219631492e-03
-9.135200974421436772e-04
5.093378607809847559e-03
-3.509821517598962770e-02
2.070075902783101961e-03
2.711496746203904615e-02
5.487985760901809354e-03
6.196746707978310897e-04
1.558904312968599232e-03
-3.232110643415514288e-03
5.815687444079928152e-03
-4.464285714285714146e-04
-1.761445600182218532e-02
-1.257861635220125724e-03
-2.213368747233288979e-03
3.569569420688629632e-03
-6.760909649661954283e-03
1.224558736593193108e-02
-1.120657452372058379e-03
4.748929544569871659e-03
1.549426712116516811e-03
1.390049373338397322e-02
-8.745684695051783586e-03
-9.770028558545016707e-04
-9.516837481698389722e-03
-6.748299319727890655e-02
3.991264402439942925e-03
-1.114854026307346771e-02
-3.693444136657432920e-03
-2.635322302912330647e-02
-2.739928909952606736e-03
-2.058336781133636786e-02
7.516536380036079740e-05
-5.521249545949873105e-02
2.925327174749807642e-03
-2.297955209347614380e-02
-4.415506660679539321e-03
1.330203442879499204e-03
5.475594493116395234e-04
7.478471068137181217e-03
5.907560453014998325e-02
-1.772020725388601115e-02
-5.248163142899985381e-03
4.511278195488721858e-04
1.998678559629996770e-02
3.265891349370718486e-03
3.848431024274718767e-03
-2.581532734482479621e-02
-5.386272699292089620e-03
6.711409395973154217e-03
5.316689782709199848e-03
3.995856149178629406e-03
1.270572183849236723e-02
-3.137701186798894787e-02
5.907560453014998325e-02
-2.304501459517591057e-04
4.692348444713539263e-03
-1.973290811241778034e-02
-4.688965301656767724e-04
-2.431315341599805599e-03
-8.338433292533659752e-03
1.766813901158429886e-02
5.483362127244047202e-03
5.985301916811880049e-03
8.233302554632193973e-03
-6.543549675930036835e-02
3.925417075564278414e-03
3.108808290155440270e-03
-7.894535142178278966e-03
1.506704836522525280e-03
4.586454670539672623e-04
-2.304501459517591057e-04
3.571145147210538860e-03
1.643192488262910705e-03
-6.760909649661954283e-03
-1.131788834029624075e-02
-4.788042560378314577e-02
-2.002615661271865341e-02
-1.599454214675560815e-02
5.718585402558314795e-03
-1.120657452372058379e-03
3.986461075592327707e-03
1.510320523577781543e-02
3.538623701249811980e-03
1.239925604463732118e-03
8.115419296663661103e-03
8.668968162639048916e-03
5.063099826192095365e-03
-3.081189339084887033e-04
-4.004396984924623107e-03
1.431046170068539600e-03
-5.783021050196623068e-03
-1.195660196324451960e-02
2.559855443457310573e-03
3.117114442630250851e-03
1.799687010954616672e-03
-6.936950824726375838e-04
-1.120657452372058379e-03
-5.679303732113880933e-03
-2.434674039061803311e-02
1.506704836522525280e-03
5.402902130287125281e-04
-5.758157389635316925e-03
-2.479176874081332610e-02
-7.946817452433712139e-03
-1.338090990187332631e-03
-3.630122737674225386e-02
-6.464522087117130673e-03
9.901744230329805226e-04
-1.313958880816200412e-03
-1.978962381886254299e-02
4.792085330035554189e-03
3.349604443696347494e-02
2.215431627196332975e-03
-9.310707313410422278e-03
-5.022494887525562335e-02
4.399845619451949255e-03
2.752714482336748522e-03
3.132104066683506077e-02
-2.174239016344279435e-02
0.000000000000000000e+00
-1.095742769894018399e-02
6.367995205274198239e-03
7.463279078999602613e-03
-8.673158855751672905e-03
4.020329211863763949e-03
1.499423298731257168e-02
6.154565285135556521e-03
3.991264402439942925e-03
3.253956515308386362e-03
2.580140734949179070e-03
-6.044357786985132819e-02
-1.238294249671078109e-03
-9.374999999999999653e-04
-1.063323282018727167e-02
1.969683994176586392e-02
4.312301407172038428e-03
-3.414264036418816501e-03
-2.835290482076637669e-02
-1.257861635220125724e-03
-2.826633165829145825e-03
-1.996563292692905486e-02
9.004812917248875004e-03
2.959253357614386685e-03
1.793310534656768554e-02
-4.618937644341801312e-04
-1.099680737850301446e-02
-1.021347844286312270e-02
-2.308757888256118222e-03
4.794308691617692533e-03
-5.034213098729227454e-02
4.415182029434546948e-03
-2.031144211238998000e-03
1.430938394336496488e-03
7.909691291660267062e-03
-3.126465530717523786e-04
1.539882968894364058e-03
4.262574595055413675e-03
4.420394786982699727e-03
1.017155002277212762e-02
2.183241737559286477e-03
1.510248112189859805e-02
-2.398441013341328330e-03
5.244338498212157591e-03
-1.635867918812481184e-02
2.488124858629269225e-03
-2.943454686289698110e-03
-3.011821398991039889e-03
9.616829451540196208e-03
-1.875152203912655233e-02
3.000628874314976297e-02
1.958716287479282669e-03
-5.592543275632490089e-03
3.337884994689728317e-03
3.848431024274718767e-03
4.219739001328436621e-03
-4.520527641914924739e-03
-2.304436432042639843e-02
-2.144772117962466702e-03
4.105344694035631403e-03
-2.482011480313687374e-02
2.591248982009328444e-03
-3.081189339084887033e-04
0.000000000000000000e+00
7.981553742461866031e-04
1.272207166516109607e-02
5.726224560860481566e-03
-7.988913344746067027e-03
