-2.177226213803614178e-04
2.466851680542707197e-03
6.199021207177813839e-03
4.348567530695770546e-03
-4.561696951265870720e-04
1.266524182696113438e-03
-1.559697418700771942e-04
-3.125227124064248845e-03
3.906250000000000000e-03
-4.585679806918744987e-03
1.857217145828690252e-03
6.996268656716417506e-04
9.622501850481124646e-04
-1.675309134423613776e-03
-1.676957085143684825e-03
-3.198209002958343132e-04
-1.120627551428800099e-03
0.000000000000000000e+00
1.243684415079673432e-03
-6.713411905117112194e-04
4.993556701030927442e-03
1.171989452094931170e-03
6.290912182266428579e-03
-1.581682609023122785e-03
-5.204996796925048450e-03
-4.293688278231000671e-04
-2.349925229651783805e-03
3.649112764739553729e-03
1.010179501126738568e-03
-6.943429323198363132e-03
1.333124215809284923e-03
2.105427323767935198e-03
3.132278531844831689e-03
3.357850975375759658e-03
-1.917324948232226444e-03
-5.195929854946958019e-03
2.497146118721461049e-03
-6.714413607878244941e-03
-8.153583870728634215e-04
1.688238604389420347e-03
2.260908885371919555e-04
-6.633743642662342501e-04
-1.712711296447985742e-03
-3.297115024353690707e-03
-2.095494686424188152e-03
3.053094050189887523e-03
2.385116870726665633e-04
-8.069840804049592314e-04
-2.339911083378831691e-04
-1.453171546901111755e-04
-3.935110825570189812e-03
-1.167587763680236548e-03
-2.987527074464112415e-04
0.000000000000000000e+00
-1.300489596083231328e-03
2.352756646537526326e-03
7.096728408203818034e-05
2.298498314434569312e-04
3.581603581603581745e-03
2.158751245433410994e-03
-1.969149983590416913e-03
6.152616859768277914e-03
2.680576686227631629e-03
1.011909395189538501e-03
-9.006058621254298168e-04
2.737642585551330714e-03
1.317829457364341024e-03
1.896633475580844020e-03
-9.315323707498835912e-04
-4.889367697024944205e-03
-6.203473945409429275e-04
-1.177301624676242112e-03
-4.436697829187133749e-03
-1.568303755674783223e-02
5.929000222337508022e-04
3.100294527980157933e-04
-6.839945280437756403e-04
-3.103662321539416491e-04
-3.847633705271258429e-04
-5.544993662864385357e-04
-9.152619937457097486e-04
-1.068112726973954527e-03
1.401076616768674775e-03
-6.776087938563469864e-04
-2.077009106886084071e-03
-1.832663706209910429e-03
1.771621839265582294e-03
3.921876225586320378e-04
1.308900523560209504e-03
-6.490696668109043575e-03
0.000000000000000000e+00
1.378080415045395682e-03
2.002818781989466630e-03
1.930651015522434058e-03
-3.827445977194800838e-03
-3.676470588235294067e-04
-1.285140562248995996e-03
1.198142878538265704e-03
6.476159637335060157e-03
-1.338033811393317916e-02
-1.458789204959883262e-04
2.475247524752475278e-03
-1.568303755674783223e-02
8.129420372327453531e-05
-1.500375093773443410e-04
5.084253341080766661e-04
-9.383270510866950284e-03
-4.429678848283499695e-04
3.347680535628885876e-03
2.239474469991042103e-04
-7.263746640517178374e-05
4.168305151395989248e-03
-4.109138724523340113e-04
2.211573903427939598e-04
3.163555836760518700e-04
-2.863506204263442569e-03
1.458733205374280334e-03
0.000000000000000000e+00
-1.934667758017709739e-03
1.071369704961265762e-03
1.486988847583643096e-03
4.994781571492470755e-03
5.830903790087463463e-04
-4.357614932093833863e-04
1.704334938866246740e-03
3.841425937307928629e-03
4.038475659005801022e-03
7.730364873222016653e-05
1.131136415051655188e-03
5.967477248992988014e-04
3.050407992068939356e-04
7.751937984496123923e-03
9.005628517823639767e-04
-1.423007789095266564e-03
-1.542376802652888198e-03
-2.110181626347124809e-03
-6.313629547786283420e-04
1.409704703962012069e-03
1.977732200410196092e-03
-9.815950920245399350e-04
4.545798924160921275e-04
-1.164415463437354489e-03
-8.026326350429408224e-05
-3.733665214685749807e-03
-3.347000251025018954e-04
2.693069306930692859e-03
2.962731950725089498e-03
-3.728838839585352899e-04
2.084574151280524194e-03
8.004482510205714800e-05
2.323420074349442270e-04
2.135021718324376077e-03
1.046530349380131973e-03
-7.843137254901961001e-05
1.392451447416636137e-03
4.423147806855879196e-04
1.469183868361125401e-03
-8.152979543433145357e-04
2.010574130612852780e-03
-6.577024261911721369e-03
1.492648705127248322e-03
9.224632261281475593e-03
0.000000000000000000e+00
3.820206453710477210e-03
-8.713964127514341358e-04
-3.601833660772756854e-03
-3.946018467366427598e-03
2.458561345070981070e-03
5.214541120381406721e-04
-4.518072289156626633e-04
1.379098988660741642e-03
3.489570941391069697e-03
1.602178963390210598e-03
4.947384953667347332e-03
4.996787779284746038e-04
5.440696409140370095e-04
-2.341920374707259951e-04
8.960573476702508953e-04
7.146827602636385149e-04
3.878073373148220116e-04
1.039809863339275116e-03
8.822585819698427817e-04
4.225581017389890698e-03
6.885508406725380191e-03
2.334864803796038273e-03
-7.601094557616296858e-05
5.971486153616481756e-04
1.473947969636671710e-04
1.700285957183708110e-03
-2.834065466912285723e-04
-2.730704361095494248e-03
-2.905076621395889422e-04
-3.706624605678233639e-03
1.626131221719457091e-03
1.469831704269861073e-04
1.062252964426877409e-02
2.258525935406158289e-03
-1.487512722148281574e-03
-2.552241186792151856e-03
3.837298541826554056e-04
