-1.072166652889146032e-01
-3.221018257384592604e-02
1.152737752161383210e-02
2.171037273363940479e-02
5.273770746083449902e-03
2.417648836506497423e-03
3.716320842366057503e-03
-3.088803088803088789e-03
-9.149730402322688028e-02
1.253796433299587260e-02
-9.416489100147516778e-02
1.183339820942000756e-02
-1.001533742331288390e-01
1.784121320249777059e-03
1.784121320249777059e-03
-1.495191142002747983e-02
2.026560221079296703e-02
-3.327658257235722138e-03
1.706611263634340075e-03
4.739698799785948928e-03
6.520272802218391242e-03
-8.142954082786700229e-03
-2.149103305172669204e-02
1.025838796760509056e-02
-1.004131489132387284e-01
2.899668388987429457e-02
-1.072166652889146032e-01
-2.339969858015388329e-02
2.171037273363940479e-02
-7.850081156854064879e-02
-5.659826898764951791e-02
-7.105064247921390359e-03
1.148437499999999979e-02
-4.629986881703834940e-03
-1.004131489132387284e-01
1.706611263634340075e-03
8.371328200911876474e-03
-8.825338253382533638e-02
-1.159184878913171839e-02
-1.629129129129129258e-02
-2.539829138767028208e-03
4.466279589102277459e-03
1.527777777777777728e-02
-1.849996145841362877e-03
3.118040089086859725e-03
7.734067078158697248e-03
-1.310606060606060545e-02
3.792363792363792618e-02
1.497253780753893607e-02
-2.305564094681832217e-03
-4.514789828749351391e-02
-2.721734314423609330e-02
1.141182820572133466e-02
4.466279589102277459e-03
1.428464025261258529e-03
5.399151561897416220e-03
-8.865392435949573380e-02
1.268352678914597652e-02
-8.825338253382533638e-02
-8.865392435949573380e-02
-2.539829138767028208e-03
1.183339820942000756e-02
1.175463179199750900e-02
-9.968073785030152900e-02
3.081189339084886708e-02
4.724287484510533014e-03
-1.629129129129129258e-02
2.683363148479427345e-03
-1.170330136637528634e-01
1.238294249671078109e-02
9.544566361040132674e-03
7.734067078158697248e-03
1.141182820572133466e-02
-2.323240145589715755e-04
-1.004131489132387284e-01
1.390283463350583133e-03
1.148288973384030409e-02
-1.495191142002747983e-02
-1.004131489132387284e-01
-2.305564094681832217e-03
-7.398273736128236841e-03
-8.390188434048083399e-02
3.847041624990382193e-03
-2.397362900809110048e-02
3.716320842366057503e-03
1.110772976262933663e-02
1.381363046630542692e-02
4.739698799785948928e-03
2.026560221079296703e-02
-3.644444444444444597e-02
-2.662566564164104213e-02
1.448286320897785792e-02
1.034355374953823455e-03
9.777171441564347018e-03
2.026560221079296703e-02
1.117106163082301137e-02
6.276310753922694462e-03
-4.629986881703834940e-03
1.148437499999999979e-02
-9.798626649178304726e-02
-2.578938667548355199e-02
-2.305564094681832217e-03
2.961427408010661047e-04
9.770028558545016707e-04
-9.416489100147516778e-02
1.572759199877844100e-02
-1.061615997398796946e-01
-4.514789828749351391e-02
-1.373895976447497488e-02
-1.141944164143962326e-01
4.066571277957677435e-03
8.371328200911876474e-03
-9.149730402322688028e-02
3.716320842366057503e-03
8.840115836000609836e-03
-1.144701860995062659e-01
-8.865392435949573380e-02
1.175463179199750900e-02
-2.371024446079633523e-03
-2.327502064719573494e-02
1.148437499999999979e-02
9.344350915128581819e-03
2.880246438197920505e-02
1.141182820572133466e-02
4.723190089043747576e-03
-9.897224245366997852e-02
7.085714285714285465e-03
-9.149730402322688028e-02
-8.285274894271434099e-02
6.487064031137907208e-03
9.195926432588539742e-03
-2.334309089544396934e-02
-1.476251604621309395e-02
3.745347394540943231e-02
-1.132198419809399628e-02
2.969561989606533123e-04
-1.629129129129129258e-02
9.544566361040132674e-03
-9.897224245366997852e-02
-3.221018257384592604e-02
-2.149103305172669204e-02
7.363546648447582416e-03
-7.105064247921390359e-03
-8.390188434048083399e-02
-9.762055550529268044e-02
1.815219920875029216e-02
-9.416489100147516778e-02
-5.186721991701244818e-04
1.859024012393493269e-02
3.081189339084886708e-02
2.880246438197920505e-02
7.099088327604244873e-03
-1.017116025446834354e-01
7.734067078158697248e-03
1.390283463350583133e-03
1.996985681989449715e-02
-8.285274894271434099e-02
-1.256820662058930616e-01
3.118040089086859725e-03
-7.398273736128236841e-03
-2.349220691213010914e-02
4.466279589102277459e-03
1.549546757573409882e-04
-6.229810798338716871e-03
3.694399290675336243e-04
-1.058688147295742260e-01
-1.411472648284422260e-01
-7.398273736128236841e-03
1.152737752161383210e-02
4.002965159377316721e-03
9.544566361040132674e-03
7.869301171841588255e-03
1.497253780753893607e-02
-9.897224245366997852e-02
-3.221018257384592604e-02
-2.334309089544396934e-02
2.043150110543569264e-02
1.025838796760509056e-02
-8.390188434048083399e-02
-9.175019275250578810e-03
5.273770746083449902e-03
-2.334309089544396934e-02
-4.226705091258405045e-02
6.274206041828040217e-03
2.026560221079296703e-02
4.874333587204873926e-03
1.049988587080575263e-02
7.363546648447582416e-03
4.002965159377316721e-03
1.268352678914597652e-02
9.257830581700354430e-03
-8.464142813173284588e-04
-1.750513737727376565e-03
-1.017849240300929339e-02
1.177190032105182756e-02
1.497253780753893607e-02
4.874333587204873926e-03
3.034115296381262403e-03
6.276310753922694462e-03
2.171037273363940479e-02
