8.745845723281441063e-05
2.584647195657792731e-04
8.901548869503294139e-05
1.723840717117738430e-04
8.647526807333103145e-05
-1.782054709079568808e-04
8.581481163648846172e-05
1.713062098501070749e-04
-2.613695765812859280e-04
-8.518613169775959804e-05
5.205170469332870810e-04
6.910850034554249935e-04
8.869966294128082528e-04
0.000000000000000000e+00
8.923790826343029939e-05
4.292213923941969175e-04
-1.713942925700574066e-04
-3.422313483915126573e-04
8.024251069900142355e-04
1.052908660173729888e-03
-2.682883205151135719e-04
1.700680272108843420e-04
-8.822232024702250067e-05
7.813856572321583455e-04
-8.861320336730173154e-05
1.734605377276669553e-04
8.628872206402623071e-05
-6.203473945409429275e-04
2.596728122565567366e-04
7.154995080940881533e-04
-2.669652084050981675e-03
-3.592599245554158527e-04
0.000000000000000000e+00
5.151983513652756566e-04
-1.710278775440396870e-04
-8.714596949891067026e-05
-1.830328543973643192e-04
-4.316670983337650121e-04
6.396198830409356370e-04
8.652764558276369216e-04
8.628872206402623071e-05
6.257262894431035510e-04
8.564576909900651095e-05
0.000000000000000000e+00
-5.294740557712672088e-04
-3.581661891117478400e-04
8.856611460455229411e-05
7.215657977811851557e-04
-9.655898876404494114e-04
-3.408897221748764133e-04
2.691548537591961169e-04
8.793527963418923507e-05
2.595380223202698941e-04
-6.999125109361329375e-04
-8.958165367732688893e-05
-8.624407072013799387e-05
2.643404705260375188e-04
0.000000000000000000e+00
1.718508334765423708e-04
-8.588114050154586313e-05
0.000000000000000000e+00
4.447211598327848380e-04
-1.728309713100587616e-04
-6.114071097912481510e-04
-6.269030986924592052e-04
1.000000000000000021e-03
-8.646779074794639448e-05
2.690582959641255739e-04
-1.732952083874880788e-04
1.749475157452764053e-04
-4.250977724876721766e-04
4.318535152876144443e-04
1.772107035264929953e-04
-5.320092214931724985e-04
1.752848378615249768e-04
-1.731049562682215838e-03
1.298364061282783737e-03
9.078529278256921794e-05
8.491126772522713379e-05
-1.057548250638935339e-03
-1.719542601667956190e-04
4.268761205498164640e-04
1.882226404947566446e-03
-5.290538753196366833e-04
0.000000000000000000e+00
6.393861892583120729e-04
1.731901627987530350e-04
1.736563341147868414e-04
1.498985980072304117e-03
6.918021445866482516e-04
7.799636016985873844e-04
-3.457515774915722933e-04
5.994177085117314728e-04
-1.722207870489968044e-04
6.167400881057268774e-04
-8.748906386701661719e-05
-3.963249864889209148e-03
5.193905817174515518e-04
-8.834702712253732931e-05
-1.366120218579234971e-03
-8.719916288803627362e-05
3.395297512944571829e-04
7.109215320359015466e-04
1.322401481089658737e-03
1.325556733828207922e-03
4.514672686230248038e-04
8.659508139937651750e-05
-8.508465923593976359e-05
3.633720930232558089e-04
5.298481102084069347e-04
4.384811014645268899e-04
1.758396342535607586e-04
0.000000000000000000e+00
-1.212331139591271137e-03
-3.462304163420756669e-04
8.577064928381508138e-05
1.124567474048443006e-03
-8.628127696289904940e-05
-8.819119851838786838e-05
1.210967909350402130e-03
1.733252448219083227e-04
-1.766628389718222821e-04
2.495697074010327227e-03
1.702272533832666611e-04
-8.806693086745926618e-04
0.000000000000000000e+00
1.360544217687074736e-03
3.491620111731843687e-04
0.000000000000000000e+00
-4.298486932599724676e-04
6.294964028776977878e-04
5.148446885189633931e-04
-8.820675663755843680e-05
-1.119820828667413221e-03
2.690824289173916989e-04
9.520512376666089233e-04
2.598302442404295956e-04
3.475842891901286154e-04
-1.000727802037845726e-03
-6.195238516682892481e-04
4.341785342132684728e-04
9.785606262788008013e-04
1.784439685938615284e-04
1.117222413200412434e-03
-2.553626149131767186e-04
-8.710801393728222989e-05
6.844041406450509461e-04
3.458412588621822843e-04
-4.299595837991228623e-04
1.767096660187312271e-03
-6.912044237083117678e-04
1.453620423366948355e-03
-9.089256498818396024e-05
3.588731383455948587e-04
-1.514341706752182380e-03
3.538257408226448686e-04
1.712035610340694966e-04
1.701693184718795272e-04
-1.580056179775280855e-03
7.764644983176602865e-04
7.669365146996165493e-04
8.943743851176101916e-05
-1.756697408871322043e-04
-1.776672292795593733e-04
0.000000000000000000e+00
5.988536230644194965e-04
1.908562505422052667e-03
-4.310344827586206837e-04
-4.325633705337831930e-04
0.000000000000000000e+00
-4.317043688482127546e-04
6.928206460552523973e-04
8.877052818464269742e-04
2.554713446308438897e-04
8.589589417625837680e-05
-1.149831947638421973e-03
2.682883205151135719e-04
-1.776672292795593733e-04
1.715265866209262301e-04
-2.593585199273796388e-04
6.029285099052540588e-04
4.564125969876768564e-04
4.294057025077292885e-04
9.487666034155597906e-04
-2.549286199864038188e-04
0.000000000000000000e+00
-8.646779074794639448e-05
-8.844078889183692018e-05
-8.685833405715278222e-04
-2.709782314154096281e-04
4.245563386261356825e-04
-1.727414061150457723e-04
-1.622544833475661821e-03
-4.295901709768880686e-04
0.000000000000000000e+00
3.455723542116630837e-04
8.625894936599671841e-05
-3.544842254519673871e-04
-2.596503375454388071e-04
5.946818452128110975e-04
