4.229972375690607342e-03
1.707941929974380907e-04
-7.115538557324557842e-04
3.217503217503217289e-03
8.790779449111154166e-04
3.935845714847978002e-03
5.869152425340929020e-03
-5.291005291005290712e-03
4.345414201183431593e-03
1.144036009002250519e-02
-5.406866720735334017e-03
1.019935095039406665e-02
7.666506947771921723e-04
-2.548131370328425831e-03
4.544675012862287380e-03
-9.877873563218391752e-04
-7.690335811330428588e-04
-4.936774640568162426e-03
-6.609503394069310249e-03
-6.003945449867055832e-04
6.515775034293552932e-03
-6.490579644821058321e-03
1.505046863734679080e-02
-7.774706288873531584e-04
7.059298104074223723e-04
1.864181091877496624e-03
6.919816624859441608e-03
-1.820001820001820045e-03
4.195205479452054909e-03
1.111491108071135415e-03
1.177422254179399594e-02
4.695276551788900125e-03
-9.074749742726167037e-03
-3.649968062779450871e-03
2.282062984938384390e-03
-2.994011976047904373e-03
-6.545392723563413749e-03
8.031749031465558811e-03
5.825409063651160874e-03
1.387203051846714035e-03
4.248810333106730133e-04
-3.189647316139615236e-03
-1.707796089146955746e-04
-1.346861811978091079e-02
-6.656041998687541213e-03
-6.967142611388268091e-03
-3.563725030479227441e-03
3.515439429928741023e-03
-7.317296259032287416e-04
-1.682085786375105141e-02
2.219755826859045548e-03
2.670464660850988079e-03
1.733252448219083173e-03
-1.021885378523375559e-03
-1.955729398168726089e-03
5.926816698161827511e-03
1.195505617977528010e-02
5.173028897609704101e-03
-1.418171504207242119e-03
4.469379992392544763e-03
3.201609952433223660e-03
9.605615590652996638e-03
-4.545844412042199245e-03
3.525373411262640311e-03
4.732159757713420649e-04
2.553626149131767186e-04
6.703611011798355640e-03
-6.186880174688381452e-03
2.902509817312617490e-03
8.884775566867191346e-03
-6.832351182850798918e-04
5.677587490692479269e-03
-2.364737041241014078e-03
-1.104972375690607819e-03
8.423022929340196656e-04
-1.436910642119443131e-03
3.551936238412890887e-03
3.400396712949844101e-03
-9.436390151840095631e-04
2.472074711591283613e-03
-2.494654312188168341e-03
-2.743986097137108052e-04
1.277465508431272325e-03
9.314456035767510952e-03
7.529152511247819146e-03
-8.615038861316603319e-03
-8.027829810008027880e-03
3.201902845119385024e-03
1.623792838218955604e-03
8.545547769612031835e-05
-1.931389680860847932e-02
-1.921911522811877923e-02
-1.001001001001000992e-02
3.162122895479018911e-03
3.515439429928741023e-03
-2.974762498800498887e-03
-5.555555555555555768e-03
-5.564232721593127817e-03
7.972665148063782029e-03
5.535228445445163938e-03
-6.481814908174289049e-03
6.525439757896728081e-03
2.131469008440617114e-03
6.156956441830545995e-03
1.817395067070532149e-03
-1.231877191320003822e-03
-1.265580057526366313e-02
-1.962959801997098304e-03
-1.718656010999398379e-04
1.712732215677389980e-02
4.050108316850334345e-03
9.402914903620121501e-03
-8.883361463977969752e-04
-1.892473118279569934e-03
-7.179293406385792858e-03
-1.095590249246781653e-03
-3.792122726880979219e-03
-1.707067258449983032e-03
-1.454732158137942875e-03
4.270219489281748917e-04
1.646090534979423835e-03
-1.231877191320003822e-03
4.523607577042691209e-03
4.643229413436937049e-03
1.895734597156398054e-04
1.539777587681779311e-03
-6.337495270525917920e-03
9.122422915526363202e-05
4.448002846721821725e-04
-3.506112006064626262e-03
-3.279285844416105020e-03
-3.197442046362909598e-03
-1.188811188811188767e-02
1.478010093727469276e-02
3.343621399176954691e-03
-3.029493005435266676e-03
-8.676182479708928127e-03
-8.739189804278561791e-03
4.451292586885807236e-03
-8.548546747053001674e-03
-1.426872770511296122e-02
-1.542945311160637831e-03
-5.911607394200994910e-03
-1.015577932696445397e-02
-6.807161506900410476e-03
1.198424927238486530e-03
3.748661192431274394e-03
6.523605150214592530e-03
2.117278836417196136e-03
-1.508965027516421132e-03
1.921844971172325528e-03
-1.886792452830188694e-03
4.355648139380740615e-03
1.107702794819359323e-03
-7.189072609633357161e-03
1.313813813813813911e-03
-6.939234808702175392e-03
4.880972769309813684e-03
-1.963630154529155594e-03
-8.608191373686117920e-03
-7.728638900815800990e-04
7.743267658952078091e-04
-4.327053096547372503e-03
5.484114977307110242e-03
2.559181062060140663e-03
-5.643644181671593311e-03
2.114748069143067202e-03
9.214445271779598753e-03
4.544675012862287380e-03
4.008551576696953167e-03
3.213998750111596997e-03
-6.081017868837122232e-03
-6.100994931481133754e-03
-1.901140684410646377e-03
-9.877873563218391752e-04
-2.280397701359117030e-03
-1.503827925628873491e-02
-1.454483230663928834e-03
8.544817568144920503e-05
6.453397252696598495e-03
5.148888698189307703e-04
-4.811547714514835539e-03
4.243158988569448870e-03
-3.629450397511234210e-03
-5.595730027548209522e-03
-2.533478103510676625e-03
-2.982022663372241658e-03
4.726160689463442151e-03
4.737091425864519236e-04
2.768038383465584056e-04
-1.802776275464214881e-03
-7.967007217171244438e-03
1.723981489882950692e-03
9.138261902586127807e-05
-2.743986097137108052e-04
-1.240337947150817882e-02
6.413884172797585173e-03
6.082155890334050956e-03
-3.032735706003032890e-03
8.225067763342367583e-03
