-1.393145723042630256e-03
-9.333582228859436600e-04
0.000000000000000000e+00
-1.244257274119448626e-03
-1.107624146206387253e-03
-9.610764055742431877e-04
5.356186395286555851e-04
1.022114848541163298e-03
7.321314175894572769e-04
1.380198748619801147e-03
5.575171901133617889e-04
0.000000000000000000e+00
2.800858930071888791e-04
-1.539297356030423693e-03
9.072763563781527829e-05
-9.159186664224216632e-05
-2.057613168724280010e-03
-6.349782293178519435e-04
-5.670005670005669532e-04
-9.511128019783146733e-05
-1.101827196767973544e-03
-2.493535278906538772e-03
-3.660657087947286384e-04
9.427736400490242460e-04
0.000000000000000000e+00
0.000000000000000000e+00
5.613247263541959551e-04
9.173470323823501897e-05
0.000000000000000000e+00
-1.065168974532778061e-03
-1.907486886027658427e-04
-9.553835865099837791e-05
-1.787469836446510009e-04
3.689015954994005341e-04
0.000000000000000000e+00
-7.593014426727411146e-04
1.855287569573283780e-04
4.591789879695105372e-04
1.017576318223866816e-03
-1.702771733989215820e-03
-2.440856177243710089e-03
6.603773584905660863e-04
1.795493311787413706e-04
-2.348961758902565027e-03
-9.447331128956069891e-05
2.756086357372530913e-04
-3.574300777410419007e-04
-3.663003663003663000e-04
-1.010843594927403116e-03
9.177679882525697000e-05
9.119927040583675204e-05
-1.967581748336924910e-03
9.062896501721950904e-05
3.896597605018057263e-03
-1.834862385321100911e-04
-2.769060365515968133e-04
-5.518256231030994278e-04
-3.802281368821292537e-04
-9.362419249133975899e-05
-6.534117427424623783e-04
2.754567991919933860e-04
2.749770852428964343e-04
-8.195974865677078166e-04
-7.496954362290319390e-04
0.000000000000000000e+00
-1.838235294117647033e-04
1.015415858949506121e-03
6.654624964350223416e-04
-9.329228472805298450e-05
2.833396297695504385e-04
-1.846551564952451344e-04
-1.807011203469461571e-04
0.000000000000000000e+00
2.827521206409048106e-04
7.299936125558900875e-04
1.836210062431142028e-04
-9.103322712790168532e-05
-2.906131938390003021e-04
2.140928977008284446e-03
-1.153957111260698080e-03
-2.804262478968031435e-04
2.759635728083893172e-04
1.902768528208543467e-04
-1.820333120961135844e-04
3.822995316830737141e-04
9.170946441672780296e-04
9.038322487346348336e-05
6.685130360042020351e-04
4.621499214345133489e-04
-1.848428835489833563e-04
-1.141878389951470237e-03
7.543611504007544013e-04
0.000000000000000000e+00
2.852795739825028480e-04
3.741814780168381495e-04
9.190331770976931808e-05
-1.511858641217046295e-03
-5.439709882139618985e-04
9.509319132750094572e-04
9.937663745595807108e-04
-8.597630875047764703e-04
6.582659394395335437e-04
-6.428505831573146870e-04
6.683853719087176539e-04
1.117734724292101340e-03
1.013077914901455191e-03
1.219855494041474989e-03
1.489341897049241458e-03
1.822489520685256141e-04
2.680486061472480146e-04
-3.590019745108598260e-04
3.742865163282492946e-04
-2.792516056967327327e-04
1.464262835178914554e-03
9.230201218386561166e-04
3.712986169126519798e-04
9.416195856873822852e-05
2.755326965466568779e-04
1.798076058617279556e-04
1.319385543304118450e-03
7.185843887541542782e-04
2.754062241806665015e-04
-4.632203075782842126e-04
-1.794687724335965607e-04
-9.184423218221895026e-05
1.836041494537776677e-04
-5.607476635514018707e-04
-1.829658768639648686e-04
9.452689290103034490e-05
9.127418765972983110e-05
-1.870032725572697615e-04
0.000000000000000000e+00
-2.720594903418880836e-04
1.008064516129032230e-03
-1.138844073265635280e-03
-4.759185227489053940e-04
-1.268001086858074489e-03
-8.623993867382138490e-04
9.149967975112086895e-05
-3.696516033638295767e-04
0.000000000000000000e+00
2.757099531293079678e-04
-4.579593332112108181e-04
-1.842808440062655565e-04
1.913875598086124457e-04
8.265980896399705794e-04
-3.668042182485098477e-04
8.265980896399705794e-04
-1.637291726861215451e-03
3.084040092521202637e-03
