-2.750527184377005749e-04
-5.169294391315585463e-04
8.021390374331550987e-04
-8.986784140969162823e-03
-2.316258351893095684e-03
2.078626299141436966e-03
-1.733552916702782443e-04
3.499868754921690427e-04
-9.756097560975609748e-04
-1.749475157452764053e-04
-9.193711501333088785e-05
8.941344778254649468e-04
-3.238866396761133463e-03
3.453634950785702037e-03
1.055873295204575553e-03
5.010799136069114118e-03
1.601708489054991897e-03
3.006189213085765002e-03
3.252461322081575280e-03
6.129597197898423644e-04
4.778868711443218058e-03
-4.504504504504504574e-04
1.653196179279941159e-03
-8.072472867521750424e-04
-1.758241758241758186e-04
2.372375010983217725e-03
7.876082961407193401e-04
-2.606882168925964399e-03
3.199308257674016338e-03
7.391665896701468674e-03
2.156915610676732407e-03
-1.290544609825346276e-03
1.600996175398025460e-03
-1.895407943482381409e-03
3.692080487354624358e-04
5.507113354749884962e-03
2.171646977067408051e-03
2.636363636363636340e-03
0.000000000000000000e+00
-8.652764558276369216e-04
7.131395970761276928e-04
4.777357129980169294e-03
9.168423947923352044e-05
-1.385281385281385280e-03
-1.790510295434198792e-04
5.139029090575388155e-03
-4.821766833132426662e-03
-3.025302530253025195e-03
3.691739732348869245e-04
-2.129925452609158880e-03
1.269380723547012526e-03
-3.273756857193417004e-03
2.085868242656005369e-03
-1.260352898811667195e-03
2.615911961031932263e-03
6.167400881057268774e-04
4.463887152932773908e-04
2.933057280883367979e-03
-8.652764558276369216e-04
-1.057175579244119465e-02
-1.373508455661430093e-03
2.896189700425377822e-03
-8.999280057595392015e-05
-4.439314569830417963e-04
1.429975869157208007e-03
1.808972503617944873e-04
4.459816146354782587e-03
2.454417952314165430e-03
-2.919578872865610884e-03
-7.123141305315644229e-04
-3.419852683269028297e-03
8.791208791208790930e-05
7.384842610541862695e-04
1.350621285791464045e-03
4.402183483007571924e-04
8.603630732168975807e-05
-2.455924918866766050e-03
-2.411298656562177109e-03
8.875477056891807885e-05
4.858580600381745551e-03
3.703034682080924740e-03
-2.405130946018171900e-03
-3.851444291609353292e-03
-4.410620081293782115e-03
2.676181980374665371e-04
2.450535487384280283e-03
-3.851444291609353292e-03
2.115842369743454326e-03
-1.004051435617403509e-02
-1.010008263703975713e-03
-1.920790267995975582e-03
1.462743073481328517e-03
3.963011889035666924e-03
1.339285714285714298e-03
-6.149950257755268032e-03
2.903284340410088905e-03
-1.407088206841966430e-03
6.269315673289183218e-03
1.523570532353468298e-03
-2.667852378835037629e-04
5.401026194977045320e-04
6.370014771048744182e-03
5.497022446174988945e-04
5.497022446174988945e-04
2.305373293137080899e-03
7.130124777183600515e-04
1.137158852344296797e-03
4.855210681463498906e-03
6.126914660831509754e-04
-2.661934338952972375e-03
8.991997122560920451e-04
7.926612041325258734e-03
-8.715555946826304690e-03
-1.585204755614266900e-03
-5.068728522336769966e-03
-1.777619767131810580e-04
9.133254178463786873e-04
5.158627805003869384e-04
-3.851444291609353292e-03
5.160402511395888875e-04
2.157590403037887381e-03
1.350621285791464045e-03
0.000000000000000000e+00
-2.568336085121995880e-03
1.436007898043439304e-03
4.216759375560739237e-03
2.607561929595827825e-04
8.250825082508250925e-04
4.003639672429481697e-03
-2.131249444987123529e-03
1.752234098475556352e-03
1.234023799030409870e-03
7.270744342452058456e-04
3.552397868561278670e-04
7.895429423633652495e-04
4.092890826585995033e-03
-3.959714211930791088e-03
2.251277166854272899e-03
-1.273421866472621358e-03
-4.550418638514743441e-04
1.387203051846714035e-03
3.791381542444978610e-03
4.379817799579537388e-04
-4.583791712504583908e-04
1.646090534979423835e-03
1.749322137671652276e-03
-3.292986828052687966e-03
4.424778761061946841e-03
7.130124777183600515e-04
2.454417952314165430e-03
5.497022446174988945e-04
4.223493180818302210e-03
8.798944126704795368e-05
-3.494975972040192469e-04
8.732099196646873483e-05
-1.984298162367354162e-03
0.000000000000000000e+00
2.782366750717329106e-03
-9.155832265152902272e-04
-7.198128486593485375e-04
5.148342059336823845e-03
1.787310098302055314e-04
1.247883055530795869e-03
-9.160025648071814554e-04
6.414310235793658360e-03
1.749628204006648522e-04
4.307250538406317240e-03
-2.543859649122807032e-03
5.521417757591949062e-03
2.928907428774296575e-03
-2.576655501159495049e-04
-3.434065934065934334e-04
1.031814273430782395e-03
2.600430416068866355e-03
-1.965338574236198156e-03
5.343445660605015621e-03
2.520932745115692705e-03
1.218238774799860731e-03
-1.152584448975973053e-03
1.449932034435885914e-03
3.870735439733549201e-03
-2.674950383984813287e-03
-6.538226832882921766e-03
0.000000000000000000e+00
2.270663033605813032e-03
-2.262238711428830092e-03
5.681305798539092698e-03
1.041395469929705907e-03
-8.900756564307965926e-04
3.340072075239518528e-03
-3.436130916587922012e-04
1.904102475333217847e-03
3.345659447085754662e-03
2.475466360180355544e-03
8.655760408551891672e-05
4.149751917004961682e-03
-5.376344086021505372e-04
-1.800666246511209152e-04
6.849315068493150305e-03
8.744316194473592419e-04
