5.878318800822964580e-04
-1.003191974464204272e-03
3.580059070974671255e-04
3.843566830018257008e-04
-5.666792595391008771e-04
0.000000000000000000e+00
0.000000000000000000e+00
0.000000000000000000e+00
-1.799583254404243330e-03
9.863701578192252215e-04
-5.674295441649328860e-04
3.647638154295093876e-04
0.000000000000000000e+00
9.173470323823501897e-05
-5.389382915656157087e-04
-3.869969040247678250e-04
1.832844574780058758e-03
1.455206912232833013e-03
-8.902341315766045936e-05
3.039513677811550140e-03
-9.007386056566384427e-05
1.140359213152142932e-03
7.683442182097580033e-04
1.801477211313276885e-04
-1.164978940765301488e-03
5.379236148466917276e-04
-2.759128115515497139e-04
3.922357437393141251e-03
-3.665689149560117299e-04
1.888574126534466350e-04
0.000000000000000000e+00
9.782995375311276474e-04
-2.808462834675154256e-04
1.042752867570385846e-03
5.683432793407217944e-04
-8.982932428386066316e-04
-8.952551477170993960e-05
-9.512937595129375423e-05
-4.058853373921867064e-04
-1.635174418604651249e-03
7.381435689241557484e-04
-5.489980785067251866e-04
0.000000000000000000e+00
1.532774321521954662e-03
0.000000000000000000e+00
-1.790670606142000048e-04
-9.460737937559129604e-04
-9.715340522685319766e-04
-6.806028196402527913e-04
2.174772637406089445e-03
-4.624063627115509024e-04
-9.466111321469139971e-05
1.477104874446085771e-03
3.800836183960471242e-04
0.000000000000000000e+00
1.776356692423838575e-04
-4.209877810863538530e-03
6.262300948291286799e-04
1.884658876743309510e-04
0.000000000000000000e+00
-9.150805270863836272e-05
-2.698569758028245154e-04
-1.042061386888973058e-03
9.717228646390049026e-05
0.000000000000000000e+00
-9.589566551591867610e-05
9.387027128508401231e-04
0.000000000000000000e+00
-6.626905235255135893e-04
-9.407337723424270945e-05
-8.966197435667533377e-05
9.079353550027237645e-05
-1.132182281347296829e-03
8.997660608241856719e-05
-4.515080368430558289e-04
-4.574983987556043583e-04
-2.725070649979814338e-03
1.919938561966017118e-04
7.181328545780969958e-04
-1.660210293303818587e-03
9.755145839430299961e-05
-9.145783793671117645e-05
-1.517179830432842510e-03
3.548301250776190953e-04
-6.841950933437591182e-04
-2.862049227246708403e-04
-6.746337702390130904e-04
-5.047445992327881771e-04
-2.773668639053254508e-04
9.154714678059200361e-04
-8.996851102114260344e-04
8.527572484366116633e-04
0.000000000000000000e+00
-4.620218074293106544e-04
7.689350249903883355e-04
0.000000000000000000e+00
2.023881805302570449e-04
0.000000000000000000e+00
5.392289026691831017e-04
1.047120418848167646e-03
8.499386155444328683e-04
-1.852366398073539068e-04
5.151983513652756566e-04
-3.666361136571952457e-04
0.000000000000000000e+00
2.339409299151964244e-03
-4.629200999907416179e-04
9.643201542912247176e-04
7.810211851996484928e-04
0.000000000000000000e+00
3.663003663003663000e-04
-8.089887640449438090e-04
-9.432182607055272154e-05
3.791828609346857277e-04
4.933051444679351430e-03
-1.794314855038247215e-03
-1.886792452830188586e-04
5.049484952534841285e-04
3.856908687686818877e-04
1.000272801673183533e-03
0.000000000000000000e+00
-2.849544072948328121e-04
-9.684292078249080336e-04
-1.849454410948770126e-04
8.654678334455236143e-04
1.248199711953912674e-03
9.587727708533077143e-05
-3.790750568612585251e-04
-2.514020498936375778e-03
1.920790267995975582e-03
2.662170556393646053e-04
-9.492168960607498378e-05
-3.815300332615926323e-03
3.894460130464414208e-04
2.394087644425939299e-03
-4.921744266167929526e-04
3.604902667627973845e-04
1.084304689617782494e-03
-3.693785206390248527e-04
-3.611412062116287633e-04
-6.618759455370650142e-04
-1.324503311258278145e-03
-1.655115340850315609e-03
-5.650249552688577396e-04
6.916996047430830222e-04
-2.704164413196322538e-04
4.064214590530380042e-04
0.000000000000000000e+00
1.781737193763919820e-04
1.799820017998200088e-03
3.697199371476106683e-04
4.442470013327409826e-04
4.749691270067445841e-04
3.602629919841484436e-04
9.541984732824427108e-04
5.459508644222020200e-04
-6.188757091284167533e-04
1.947988701665530310e-04
3.760458775970668306e-04
1.848258016819147884e-04
-9.365049634763063908e-05
-1.793400286944046005e-04
3.028161905723225937e-04
-3.596475454055026019e-04
-2.688894864210809518e-04
-8.694812095449715086e-04
2.399999999999999790e-03
2.705627705627705625e-04
-2.007830539102499565e-03
1.816695431010991119e-04
3.203883495145630911e-03
0.000000000000000000e+00
5.343307507347048319e-04
-1.223865374808771021e-03
-9.242144177449167816e-05
-2.821670428893904956e-04
1.648804616652926663e-03
0.000000000000000000e+00
-2.829387909082335391e-04
2.754062241806665015e-04
-1.082543978349120514e-03
-1.336898395721925056e-03
7.724244472337549834e-04
1.859773107680862982e-04
8.922994556973319906e-05
-9.479571523367143193e-05
1.989509857117019269e-03
3.382075002486819790e-03
-1.185068141418131604e-03
-1.488649050986230087e-03
-2.016322611617858869e-03
9.493070058857033930e-05
-3.028868906767628964e-03
-6.206774250753679511e-04
2.056555269922879245e-04
-1.852393487374475985e-03
-1.820001820001819937e-04
-6.467707659613785957e-04
-1.834525775087139914e-04
6.610009442870632768e-04
