8.072209583914287043e-03
2.153387444094748918e-03
-5.084622648362025540e-04
9.328358208955223703e-04
-1.950553860972868703e-02
-2.838691363281527213e-03
3.011141222523336402e-04
5.778491171749599101e-03
3.677552221241541745e-03
-1.924500370096224929e-03
-2.497458980688253144e-02
-2.601377199693955585e-03
-8.050881571532083345e-05
-2.713599007598077248e-03
3.090435914118412359e-03
1.213900349095525279e-02
-1.130369253956292402e-03
1.081121947531564140e-02
2.395818208218382286e-03
-7.028905386194913944e-03
8.133387555917038808e-05
1.793137174993886989e-03
2.165148573988352927e-03
-8.577841911175243875e-03
9.613962431592959707e-04
3.308853199903155715e-03
-1.558572146807440939e-02
-3.850541928123217463e-03
-7.531821947729155963e-04
-5.284426484302144449e-03
-2.934487565108942660e-04
-6.222291358792874988e-04
-7.665352606219886199e-03
2.647016740592359439e-03
4.368546465448768998e-03
4.431736954967834333e-03
8.265789262498997314e-03
8.836858006042296390e-03
2.514978918559064927e-03
7.499257499257499550e-03
-7.930456001220069842e-03
-8.681240628206139676e-03
4.148000663680106418e-04
4.623943356693880312e-03
9.006796037009743433e-03
-3.197739272700230676e-03
7.625994694960212296e-03
6.623536660505237490e-03
-5.381303813038130135e-04
-7.397544015386891452e-05
1.746308937926654981e-03
-9.746588693957114469e-03
5.637500965325508047e-03
2.312915019025591455e-03
1.945373900863746038e-03
-1.012618787973204549e-03
-9.329083417554225521e-04
-1.842163436740107581e-03
2.213532059322659295e-04
2.370689655172413760e-03
3.402870247077970176e-03
3.824539494224164695e-03
6.437768240343347617e-03
2.272015042306486932e-03
-7.262164124909223199e-05
7.499625018749062305e-05
2.504173622704507565e-02
-1.002985988821682856e-02
1.782001782001781977e-03
-1.014752946686441320e-03
-5.188679245283018583e-03
-3.374763355008642517e-03
5.038145962285878751e-04
5.069708491761723383e-03
-1.539311651405115243e-02
-5.254071905726938893e-04
-7.713283989092325869e-03
-5.078485687903970536e-03
4.695570511817185894e-04
-3.901936243834204510e-03
-6.523908204773966150e-03
-4.279489573607220786e-03
-1.587059362124217804e-02
4.707028079857166272e-03
-3.743119266055045663e-03
-5.072819505809196723e-03
-4.200046667185190589e-03
-7.463778720913215314e-03
2.136279926335174842e-03
-4.311604793919906510e-03
6.292989901946436510e-03
4.520114509567575516e-04
8.717762440973483417e-04
5.180180180180180179e-03
-3.041362530413625385e-04
8.942457231726283137e-03
1.873574454219615508e-03
1.998857795545402709e-03
9.800796812749004022e-03
3.076686408737789409e-04
-2.318034306907742342e-03
-2.048005242893421833e-03
-7.987220447284344715e-04
-1.421097837120324781e-02
2.077673006233018808e-03
-8.185132822382618295e-04
-2.468126838836220971e-02
-2.568293252393182447e-03
-3.443887100396795554e-03
1.478878993381812189e-02
7.976740718652154671e-03
5.897965202005308119e-03
2.831805648707056994e-03
7.982583454281566918e-03
-3.386586173893837721e-03
1.090792428617260237e-02
2.831805648707056994e-03
-1.169773064025579146e-03
-6.532626841837845455e-04
5.664033387986286937e-03
7.497375918428549383e-05
1.062262541676358904e-02
-1.273885350318471272e-03
1.582961577205353309e-03
5.694227769110764281e-03
8.264462809917355601e-03
3.324953369556402690e-03
-7.462686567164178962e-03
-2.172863351038145738e-03
-8.486452818436624260e-03
-3.003883068356656000e-03
8.279668813247469811e-03
3.076686408737789409e-04
5.236420476748730214e-03
-9.546730846369835127e-03
-2.757564151666028369e-03
2.019712392955243328e-03
-2.358316751418674737e-03
7.905763301446754336e-05
1.173881144534115895e-03
2.329373398555788558e-04
-2.221399481673454364e-03
6.048089688744652873e-03
-9.051162077164991160e-03
-3.018575851393188927e-03
7.801817743103032186e-03
-2.788172279697703586e-03
-1.746128150622532679e-03
-6.636801061888170051e-04
1.189430829408477663e-02
-5.498884284348103113e-03
-5.170630816959669463e-04
-8.319334453243740560e-03
1.537870049980776671e-03
1.153526970954356877e-02
-1.259705276501346845e-02
-6.139991813344248747e-03
1.038267576386828726e-03
1.041432531655053610e-02
2.149921169557116127e-04
5.544354838709677699e-03
-3.080533959219598165e-03
7.767274858943357639e-03
-1.260940513276961840e-03
9.002468418759982868e-03
-2.877816148659759904e-03
-8.855484447090340716e-03
-4.847490491460959040e-03
-3.302752293577981748e-03
2.353108956075299681e-03
2.300126903553299448e-03
-4.246776310709597657e-03
2.344849148038142921e-03
7.264957264957265168e-03
-2.916160388821385351e-03
-9.829280910501810367e-03
-3.627053552378920256e-03
-3.408738766656337071e-03
7.161043921069382406e-04
-1.041166106038763327e-03
-6.820854566836534634e-03
4.899093302135127011e-03
1.783211337797850973e-02
-3.009708737864077652e-02
-4.489916090092742340e-03
3.352565102136285599e-03
6.599597585513078575e-03
7.556675062972291988e-03
9.243629933285105182e-03
4.447739065974795972e-03
-2.766453115899825208e-03
4.918958148536408184e-03
7.546563904945407728e-03
4.940711462450592551e-04
-5.548949663099485112e-03
-9.066461774875144569e-03
1.382421420256111809e-03
-3.186601452497406142e-03
-4.205935041669912368e-03
3.635482307319437903e-03
