2.159143787808283019e-02
3.310040456050018266e-03
-1.582459485224022716e-02
1.993635342568326335e-02
8.807339449541285240e-03
6.410256410256410251e-04
-7.351589781290203494e-04
1.107220592410334062e-02
1.815823605706874330e-02
7.734094466439554033e-03
1.098698181146708606e-02
1.360287171736255379e-02
1.985370950888192335e-02
1.297462316351841172e-02
1.164483260553129604e-02
-2.350286734981667583e-03
-4.736255572065378554e-03
2.400738688827331463e-02
-1.101928374655647283e-03
1.047220106626047149e-02
1.089225742035036804e-02
7.743153918791312144e-03
9.460737937559129604e-04
1.984484935955258943e-03
-3.013698630136986412e-03
2.034095311894614649e-02
-1.400952647800504441e-03
2.649824294804824926e-02
1.883433283358320817e-02
6.430868167202572492e-04
-1.107681133103323098e-02
-2.350286734981667583e-03
-1.391961651917404154e-02
1.047220106626047149e-02
-4.396812311074470812e-03
1.297462316351841172e-02
-1.385809312638581038e-03
3.330866025166543364e-03
-2.697841726618705176e-03
4.411200613732259128e-03
1.098698181146708606e-02
-1.101928374655647283e-03
1.174850849013308815e-02
-3.249856623972471967e-03
1.126044315292408331e-02
-4.476521103599488162e-03
1.374859708193041513e-02
1.191895113230035698e-03
7.743153918791312144e-03
4.955586722767648354e-03
2.020685692396092734e-02
4.411200613732259128e-03
1.098698181146708606e-02
1.315063454110722806e-02
-1.385809312638581038e-03
2.070393374741200804e-02
2.154163154444132394e-02
1.083165044978887451e-02
3.871942581924638863e-03
1.034185578856650425e-02
7.838847871661653796e-03
-2.587904360056258665e-02
-3.217503217503217289e-03
1.038062283737024166e-02
-7.351589781290203494e-04
4.821958456973293727e-03
1.126044315292408331e-02
-1.584539292910789460e-02
8.981221083189694018e-03
-1.107681133103323098e-02
9.133683919180736813e-03
-8.273107645492583026e-03
1.498751040799333953e-02
-3.825697489969207866e-03
4.821958456973293727e-03
4.411200613732259128e-03
4.411200613732259128e-03
1.083165044978887451e-02
2.034095311894614649e-02
2.939555392246922822e-03
-3.454646222058008198e-02
-1.107681133103323098e-02
7.325676042326128429e-03
2.400738688827331463e-02
7.105943152454780552e-03
5.956141142496164907e-03
1.120657452372058379e-03
-7.351589781290203494e-04
-2.066495224099926600e-02
-2.515665315149281239e-02
1.084598698481561855e-03
2.431610942249240112e-02
-2.350286734981667583e-03
1.164483260553129604e-02
-2.692236769315876910e-02
1.297462316351841172e-02
1.815823605706874330e-02
1.559973366308380072e-02
6.258757589911256337e-03
7.838436001475469761e-03
1.540802739204869681e-02
5.407841369986480726e-03
7.734094466439554033e-03
2.789679139293535157e-02
2.436998061478814689e-02
-3.249856623972471967e-03
-5.481454412570802362e-03
1.931389680860847889e-03
1.022644265887509216e-02
-1.054175451462095563e-02
2.410319178985029578e-02
1.591715408955796454e-02
-8.273107645492583026e-03
2.513702513702513811e-02
-3.202195791399816902e-03
1.480998509687034281e-02
-3.947851634226955814e-02
1.815823605706874330e-02
-2.578743783385522344e-03
3.979533826037521746e-03
-1.990277905163716568e-02
-2.014481990345339674e-02
-2.716593245227606410e-02
-1.591462272982587575e-03
1.591715408955796454e-02
2.161119150988904947e-02
1.084598698481561855e-03
8.762012436404748722e-03
-1.591462272982587575e-03
2.567466266866566885e-02
1.374859708193041513e-02
1.034185578856650425e-02
-1.605866518147219812e-02
1.993635342568326335e-02
5.956141142496164907e-03
7.838847871661653796e-03
-3.013698630136986412e-03
-2.561085972850678585e-02
9.085799925065567856e-03
-1.478570091708777783e-02
1.270334490952293970e-02
-1.028325698794054378e-03
-5.847418912745545871e-03
-1.275415896487985291e-02
2.939555392246922822e-03
1.976025472935006438e-02
1.380887059899405661e-02
-1.385809312638581038e-03
5.956141142496164907e-03
2.523431867339581691e-03
-2.201834862385321310e-03
-1.582459485224022716e-02
2.580463545087735913e-02
2.020685692396092734e-02
-1.584539292910789460e-02
3.418478776944259764e-03
2.916546347097892164e-02
-2.015113350125944530e-02
7.838847871661653796e-03
-9.169108611399943293e-03
1.914234775265084149e-02
-7.509621702806720984e-03
7.838847871661653796e-03
-1.591462272982587575e-03
-3.668378576669112444e-04
2.538641686182669874e-02
-4.476521103599488162e-03
5.407841369986480726e-03
2.429111531190926432e-02
-1.400952647800504441e-03
7.838436001475469761e-03
4.955586722767648354e-03
1.126044315292408331e-02
8.981221083189694018e-03
1.107220592410334062e-02
-3.249856623972471967e-03
-1.279491833030852940e-02
1.745924568341853875e-02
4.955586722767648354e-03
8.762012436404748722e-03
-1.591462272982587575e-03
9.183579759390210202e-05
-8.626286986364901585e-03
1.126044315292408331e-02
-3.020042097556511606e-03
-1.068041616794033685e-02
2.436998061478814689e-02
1.098698181146708606e-02
2.649824294804824926e-02
5.424788525193085902e-03
9.085799925065567856e-03
6.430868167202572492e-04
1.468563561266636019e-03
1.883433283358320817e-02
-9.169108611399943293e-03
-1.590993673241533277e-02
-2.015113350125944530e-02
5.368242606893953994e-03
3.418478776944259764e-03
-2.419730107026524073e-03
