4.713493530499076115e-03
-4.759638267491670478e-04
-7.106057914372001768e-04
9.596928982725527486e-04
-1.352935870839722153e-03
1.342642320085929127e-03
5.112287748767573199e-03
-8.314087759815242144e-04
-6.417896763546346566e-04
3.299340131973605220e-03
-1.612138454243717449e-03
-3.851709195955705257e-03
1.898974553740979824e-03
-1.079525008996041775e-03
1.610738255033557003e-03
-1.791101055806938085e-03
1.944984717977215954e-03
2.123472135902216770e-02
8.032128514056225245e-04
9.521995810321843699e-05
6.881845497722206481e-03
1.256732495511669661e-03
8.895214374666429583e-05
-1.885437241874663317e-03
1.674262859268905307e-03
3.588087549336204025e-04
8.731082654249126699e-04
-1.270523846755277622e-03
3.809905754962903540e-03
-3.672420124862284057e-04
3.429551300371534803e-03
1.701594125022389426e-03
8.321775312066574627e-04
3.342449103615922207e-03
-2.908103916246607221e-03
-5.371050040282875386e-04
-8.482563619227143775e-04
2.998201079352388301e-04
-6.674294431731502865e-04
-8.219459570533237764e-04
1.905124785673461630e-03
2.937432683834328919e-04
-8.974243919949744495e-05
2.487086282762578874e-03
3.830316958728334628e-04
-9.060706735125339693e-04
-8.609968430115756341e-04
6.078411508459122823e-04
-1.662971175166297116e-03
5.376825880455237804e-04
-5.634861006761832970e-04
4.405286343612335211e-03
-5.166931637519872438e-03
3.221222169587872972e-03
5.839416058394161085e-04
-1.702051419869210795e-03
-1.207493562993873677e-02
1.079039654707310454e-03
1.069804760631184711e-03
7.172957948534026702e-04
4.313113701018628926e-03
-7.357102433503112660e-03
1.376651982378854699e-03
1.653214042594573557e-03
3.759751856377479217e-04
2.662879460323095988e-04
1.972740315638450443e-03
-2.737725862383646905e-04
3.353405315614618049e-02
5.825808330905912725e-04
-1.834694064764700379e-04
2.388230798624379168e-03
-1.664201183431952705e-03
1.254480286738351253e-03
-1.137317050433485528e-02
1.259811997286558677e-03
-8.081170871868546476e-04
2.678810608090008254e-04
4.011410233553218407e-03
-5.399082156033474262e-04
-1.382361072712192523e-03
-1.775410563692853948e-03
-1.777935816517023718e-04
1.992598918303444509e-03
9.004952723998198402e-05
-7.153075822603719575e-04
4.652574087185192692e-03
-4.262574595055413675e-03
3.501336036119045547e-03
0.000000000000000000e+00
-3.548930884571022712e-04
-1.442741208295761921e-03
2.998201079352388301e-04
5.361930294906166756e-04
3.888836194631508942e-03
3.315455875182837797e-03
7.897240723120837330e-03
-9.965573473455335406e-04
6.271277548826375203e-04
3.126776577600909757e-03
-4.702341766199567624e-04
8.342602892102336408e-04
7.085020242914979831e-03
-2.945779250667402999e-03
-2.709782314154096281e-04
6.884843912100349107e-03
-3.134515493462296243e-03
5.778120184899846390e-04
-6.133811456072473488e-03
-9.154994049253867977e-04
-2.804524633074693876e-03
-1.015509601181683805e-03
-4.062413442895393065e-03
8.962982880702698033e-04
-1.205042639970337493e-03
-4.474477216692539921e-03
5.174522532693574123e-03
3.631623056150479721e-03
-1.702051419869210795e-03
-4.689991558015195808e-03
-4.379701037798723953e-03
1.350742908599729787e-03
2.732738203680087517e-04
-1.191130657870624826e-03
-1.996971417755063344e-02
2.775042520812818787e-03
-4.536004536004535626e-03
5.748778384593273639e-04
-1.298944023922997924e-02
2.212389380530973421e-03
-1.136578897518469335e-03
-8.155146693187469500e-03
-2.389962158932483743e-03
9.195184377666129616e-03
3.004167070452563350e-03
-1.864181091877496624e-03
1.393354769560557283e-03
-9.129085265656381874e-05
1.365054602184087411e-03
4.624063627115509024e-04
2.440347071583514119e-03
-1.843487879067195003e-04
-1.590866554370204064e-03
1.751143107306158244e-03
-7.208506037123806358e-04
-6.408495834477707584e-04
-7.590853022108359468e-04
2.252658136601189392e-03
3.839140032632690387e-03
-9.230201218386560895e-05
-1.229175132060138231e-02
-3.927519414442560107e-03
2.578923966207203114e-03
4.616805170821791150e-04
1.380071763731714014e-03
-1.350864553314121098e-03
3.481042431084767873e-03
9.598771357266269711e-05
-1.925854597977852683e-04
-8.317161075686165883e-04
1.742320036680421831e-03
-4.548348949331392486e-04
8.240626287597857449e-04
5.538346005819956910e-03
-1.711962336828589792e-03
3.521762687375835400e-03
3.952959778634252590e-04
9.005592947198786183e-03
4.554563672800145862e-04
1.334638313017172265e-03
8.925383791503035047e-05
1.422330590267195010e-03
-2.571751877378870670e-03
-5.314605675239631594e-03
-2.306911506874596146e-03
1.075268817204301074e-03
3.792188092529389255e-04
-3.772854793460385034e-03
-2.522068095838587640e-03
2.445226917057903137e-03
-9.149130832570906207e-04
-2.662406815761448600e-04
-4.738438210765731563e-04
1.801152737752161265e-04
2.946165520935630725e-03
1.165501165501165500e-03
3.300330033003300370e-03
1.972016151751338105e-03
0.000000000000000000e+00
-2.745744096650192239e-04
-3.742736137102334239e-03
-4.211469534050178883e-03
4.460701222232135005e-04
3.642655495856479426e-04
-2.057613168724280010e-03
-1.207493562993873677e-02
-6.361323155216285462e-04
4.738438210765731563e-04
-2.507612394769836821e-03
6.270715757412881819e-04
