3.362413667757179273e-03
-2.460257380772142531e-03
-2.162356969096315175e-03
7.492741406762198821e-04
1.217570478598857444e-03
6.552466535617335486e-04
3.606527815345776026e-04
2.693723623956182159e-04
1.507442999811569586e-03
-1.452037389962791648e-03
7.218262203374537509e-04
-7.540603248259860475e-03
0.000000000000000000e+00
-1.009915534337128265e-03
1.927312775330396492e-03
1.439401209097015619e-03
1.008896633953957700e-03
9.066183136899365878e-05
2.272512072720386540e-03
2.189433603046168301e-03
6.572152849497699990e-04
-1.355479190530736906e-02
0.000000000000000000e+00
1.887131560028756233e-03
-2.529274004683840747e-03
-6.523157208088714576e-04
-5.707762557077625254e-04
1.098197126384185861e-03
-4.245325625508084011e-03
-1.838911364472232491e-04
0.000000000000000000e+00
-1.873185351690549705e-04
1.218255083872176901e-03
4.339796860572483865e-03
4.354411207875804983e-03
-7.459207459207459201e-04
-4.387969649876588552e-03
2.522421524663677039e-03
-1.082446328702868455e-03
1.217342447794737435e-03
2.246787094454929645e-03
-7.328020518457452077e-04
-1.546438642772673434e-03
-1.102033060991829821e-02
-2.106805899056517391e-03
2.384883507613282105e-03
-4.682086337672066432e-04
-5.515212795293685313e-04
2.742731760833790598e-04
2.865859295553295927e-03
-1.831501831501831500e-04
2.364737041241014078e-03
2.300119606219523574e-03
8.169934640522876065e-04
4.034582132564841148e-03
9.427736400490242460e-04
1.306091986192741946e-03
1.574803149606299191e-03
-1.518602885345482142e-02
4.876727174207532052e-03
-3.390141103170239874e-03
-3.298409002716336681e-03
-2.338970852824757106e-03
2.702215816969915328e-04
3.687315634218289034e-04
-1.846040243677312179e-04
1.162686700652893357e-03
7.330540746382330913e-03
3.671071953010278908e-03
2.749266862170088245e-04
1.874238590572579848e-04
6.410843483835515976e-04
-1.257496614432191849e-03
2.758874379253264779e-04
1.289490651192778860e-03
-4.754207473614148320e-04
8.249312557286893029e-04
7.310609522068902246e-04
9.183579759390210744e-04
1.908570389893665372e-03
-1.000363768643143048e-03
7.604562737642585075e-04
3.777148253068933134e-03
4.890201144122531887e-03
7.191011235955056683e-04
-9.020386072523903795e-04
7.324665812122321817e-04
-1.829324064758071963e-03
-2.890730391212179614e-03
-1.273038191145734431e-02
-1.186997808619430278e-03
1.590122532971658363e-03
5.451076587626056333e-04
3.641329085116067413e-04
-6.140106056377337036e-03
1.097996157013450373e-03
-9.162543522081730268e-05
-8.960573476702508953e-05
3.724928366762177666e-03
1.356238698010849919e-03
2.175292304903471505e-03
5.551957064865364541e-04
5.501558774986246327e-04
-3.273781685529884942e-03
6.134381290137064929e-03
-2.899391127863148641e-04
1.225721289835941851e-03
3.599848427434634238e-03
2.298850574712643646e-03
-2.615844544095665206e-03
1.761216166110493109e-03
-2.752546105147261261e-04
9.186110600771633548e-04
1.219626606623510669e-03
3.493202416918428973e-03
1.015228426395939137e-03
3.159103963239517573e-03
3.588409437516820819e-04
-3.717472118959107741e-04
-3.818251240931653471e-04
-2.104877825569689657e-03
-1.468968049944913623e-03
0.000000000000000000e+00
-1.009174311926605474e-03
2.808725774740192770e-03
3.557719314670910842e-03
9.891196834817012496e-04
4.325747602031220461e-03
-1.128880526810912459e-03
-8.501794823351596121e-04
-3.693103129904902688e-04
1.912960306073649072e-03
5.517748758506529558e-04
1.792596576140539498e-04
-1.821659531833500411e-04
-9.366804046459347984e-05
-1.049818667684672630e-03
3.674781809830041579e-04
-1.079816431206694852e-03
1.871082421180653003e-04
5.534034311012727900e-04
2.741478570775838478e-04
-1.270071668329855654e-03
-9.134922809902256227e-05
-5.561735261401557244e-04
3.592921943770771391e-04
1.895375284306292625e-04
-8.222932846048423882e-04
2.100073046018992046e-03
-9.132420091324200623e-04
-7.305268925212309722e-04
2.748007694421544258e-04
-7.572889057175311977e-04
7.337430065119691577e-04
3.775365738555922727e-03
9.195402298850574639e-05
4.508566275924255867e-04
-2.204464039680352917e-03
-5.215481745813889923e-03
2.190780465540848737e-03
-4.596010662744737761e-04
-3.434562545191612287e-03
1.030638058652674901e-03
3.362413667757179273e-03
-4.609994468006638180e-04
2.135760052001114354e-03
-2.265219443133553463e-03
7.252289003716798441e-04
-7.956566507535336660e-03
4.500450045004500258e-04
1.025545403691963424e-03
1.792596576140539498e-04
-3.229568493765138520e-03
1.561782269177767590e-03
1.251340722202359639e-03
-8.937349182232550045e-05
0.000000000000000000e+00
-1.637107776261937167e-03
1.263994221740700509e-03
5.978364015942303801e-03
2.740226525392765872e-04
5.371050040282875386e-04
-6.430568499534016803e-03
-9.341429238673516820e-05
9.971897380110597044e-04
1.113482416256843287e-03
-5.531993361607965599e-04
2.121575500415090985e-03
1.089522426003268572e-03
9.358038555118846670e-04
-1.813894431344095727e-04
-1.460387002555677298e-03
-8.465807543975166667e-04
-4.301879734405686211e-03
-1.367989056087551281e-03
2.695677288918840731e-03
-9.405568096313017242e-04
1.834357516279922894e-04
-1.777362020579981291e-03
9.207255317189945226e-04
