0.000000000000000000e+00
2.308757888256118330e-04
-3.851486673856108385e-04
2.274967771289906806e-04
-6.859233290145567681e-04
1.130454442685959859e-03
4.435573297848746698e-04
-3.759681179036017742e-04
-1.524274064476792878e-04
6.096631611034903373e-04
-1.553277415346380813e-04
0.000000000000000000e+00
-6.067961165048543163e-04
-2.962304673035621940e-04
2.298498314434569312e-04
-6.709408081109288378e-04
3.982477100756670585e-04
2.281715850319440263e-04
1.204456489009334561e-03
-1.506477854775534794e-04
-9.882174078297224686e-04
8.884282224031983142e-04
-5.352500382321455580e-04
1.548366066335261958e-03
3.858024691358024477e-04
0.000000000000000000e+00
-1.387176325524044386e-02
1.334163479498354623e-03
-2.320365070771134789e-04
3.773300128292204274e-04
-2.381330369899984040e-04
-9.321836401771149347e-04
-7.595898214963919294e-04
-1.971608832807570863e-03
1.634229683553706756e-03
2.260069416417789974e-03
0.000000000000000000e+00
3.805464647233427057e-04
5.208720886970756407e-04
-8.939213349225267734e-04
1.078998073217726436e-03
7.157464212678936845e-04
0.000000000000000000e+00
-4.347376048028154388e-03
-1.526950679493052274e-04
-7.398638650488310430e-05
-1.602319548298489346e-03
-1.456496742046761109e-03
-6.170458927882761270e-04
-2.250393818918310768e-04
5.956369592733228588e-04
-8.505373849841491116e-04
-1.566579634464752022e-03
6.753714542998648937e-04
-1.143990237949969518e-03
1.552795031055900679e-04
0.000000000000000000e+00
0.000000000000000000e+00
3.075740099961553451e-04
-3.047386865762608324e-04
-1.538579890760827826e-04
-3.036716665132971338e-03
-9.774374847275391943e-04
7.591285204585136075e-04
-7.964319847085059030e-05
2.262443438914027243e-04
-1.191451336659468370e-03
1.266123288755242448e-03
1.544640098856966352e-04
6.660253089617405170e-04
2.310536044362292022e-04
-6.154793045083858938e-04
0.000000000000000000e+00
-2.062280882656217749e-03
-3.222836095764272570e-03
1.484536082474226725e-03
-3.077159781521655651e-04
-3.928346951602765648e-04
-1.755762628739578057e-02
2.970885323826500486e-04
-3.076213181573482871e-04
-5.376344086021505372e-04
3.246753246753246967e-03
-1.699159363262385883e-03
1.506250941406838437e-04
-2.305373293137080899e-03
-4.037793749495275871e-04
1.561280249804839967e-04
5.263157894736841987e-04
7.416747014759327071e-05
-1.826991818254031404e-03
5.585700606447494086e-04
-6.073489219556635734e-04
1.044308518573772984e-03
-7.706535141800246709e-05
3.719407870267053286e-04
1.193967322999581020e-02
-7.714858818083628511e-05
-4.061005324429203464e-03
0.000000000000000000e+00
3.047386865762608324e-04
-1.313740755157648959e-02
-1.136640415685637780e-03
-7.440476190476191147e-05
-2.226675573368960229e-04
-1.488316713796695903e-04
1.548107438656242795e-04
-7.824726134585288878e-05
1.335707925200356212e-03
1.203278935098142481e-03
9.785472337222431323e-04
1.200930721309014480e-03
-1.214421252371916584e-03
-6.850357740904247520e-04
7.531254707034192183e-05
2.280328367284889057e-04
-5.633802816901408751e-03
-5.501847048652047266e-04
0.000000000000000000e+00
-3.847633705271258429e-04
-1.359516616314199395e-03
7.692307692307692572e-05
-1.347708894878706272e-03
3.852080123266564079e-04
-8.761449621664675180e-04
1.528117359413202927e-04
-7.740537193281213976e-05
2.273243919072516538e-04
-1.524274064476792987e-03
-8.427181490845016927e-04
2.110499736187532865e-03
6.165703275529865659e-04
1.194029850746268669e-03
-9.225801491504574941e-04
6.067961165048543163e-04
2.959674435812060622e-04
2.238638907544213217e-04
4.445102978218995319e-04
7.745333436604446035e-05
0.000000000000000000e+00
1.550387596899224893e-04
-2.323600030981333811e-04
6.930540582165408770e-04
6.142977808492667332e-04
3.764866946179515773e-03
4.887054735013032260e-03
2.319647413593133793e-04
6.750832894967561011e-03
-7.540909433677701976e-05
-1.274267296304624868e-03
