4.200296491517048481e-03
1.374848362312980181e-02
1.748846247267427795e-02
-1.048514604310559969e-02
1.540639573617588222e-02
9.596602972399150000e-03
1.639344262295082053e-02
1.107544141252006335e-02
1.216710627073938622e-02
1.017833109017496698e-02
5.265797392176529979e-03
5.621586893671699607e-03
9.233840778637383839e-03
4.591836734693877965e-03
9.233840778637383839e-03
5.696151029375864580e-03
7.701375245579567853e-03
1.313398314885180947e-02
1.540639573617588222e-02
-7.327174259318254036e-03
-2.940188172043010917e-02
4.936412315930388019e-03
-1.456188802410243559e-02
1.952688172043010734e-02
5.691839025172358742e-03
4.548900682335102301e-03
-9.461715830484216869e-03
4.087407640308128066e-03
3.139963890415260143e-03
4.240162822252374706e-04
4.760256188333044508e-03
4.760256188333044508e-03
4.240162822252374706e-04
4.200296491517048481e-03
4.932285570974753383e-03
1.216710627073938622e-02
1.646606486125041721e-02
8.362919132149902041e-03
7.824989482541018504e-03
8.006067756615539710e-03
1.217631301241983884e-03
-8.055140342135858403e-03
1.076233183856502296e-02
7.664448749263033482e-03
1.259570264262780889e-02
1.217631301241983884e-03
8.744231236337138974e-03
-2.222965067691793500e-02
9.724877400049871529e-03
1.702058680499270648e-03
9.539078156312625484e-03
-4.004164330904140187e-03
1.127386438446346256e-02
2.595296025952960241e-03
1.305123216601815871e-02
1.363598569884426695e-02
1.181269652417778551e-02
8.744231236337138974e-03
-3.294865362100685841e-02
2.639421030225627858e-03
1.017833109017496698e-02
3.583353693297499764e-03
9.233840778637383839e-03
7.872737602467332410e-03
5.691839025172358742e-03
-4.004164330904140187e-03
4.355892554650318826e-03
-7.939658594680428644e-03
-1.309419887310530987e-02
-1.180382377389858732e-02
3.171505245181751448e-03
7.701375245579567853e-03
1.445017864231838006e-02
-4.004164330904140187e-03
1.418665816529847759e-02
3.320279243997956587e-03
1.190476190476190410e-02
7.576388310715177418e-03
2.683581361307636141e-03
7.463298613958829243e-03
-3.540392661731573895e-03
-2.490292081715346842e-02
-1.838542537188701462e-02
2.302490798596251026e-02
-2.222965067691793500e-02
-3.207184092366901964e-03
-3.602593867584661085e-03
7.491522750571721553e-03
7.576388310715177418e-03
7.576388310715177418e-03
7.361268403171007668e-03
-3.294865362100685841e-02
1.540639573617588222e-02
-3.278551064900218220e-02
1.106581246359930083e-02
-2.969740749658881206e-03
5.454249430153044684e-03
4.297009281540048291e-03
1.035247719990140501e-02
2.846685644570963718e-03
9.035635872318864906e-03
-1.898332009531374098e-02
-1.898332009531374098e-02
1.456428513633789210e-03
5.454249430153044684e-03
1.639344262295082053e-02
4.932285570974753383e-03
3.320279243997956587e-03
1.304347826086956451e-02
8.916976885118171534e-03
-1.899841017488076295e-02
-3.207184092366901964e-03
8.744231236337138974e-03
4.406428201140487506e-03
-1.838542537188701462e-02
-1.048514604310559969e-02
1.741022850924918430e-02
1.106581246359930083e-02
5.534417156693186013e-03
1.445017864231838006e-02
-2.222965067691793500e-02
5.701536936043628996e-03
1.068047576664778696e-02
1.265621268805221765e-02
2.432300956705042965e-03
1.304174950298210740e-02
4.840998247224772774e-03
9.035635872318864906e-03
4.133256179217987755e-03
6.905966433791054654e-03
1.246281257537991405e-02
-1.309419887310530987e-02
1.419469312041293611e-02
1.304347826086956451e-02
-2.940188172043010917e-02
1.304174950298210740e-02
5.548083389374579982e-03
5.635023840485479246e-03
2.683581361307636141e-03
1.672349407371326660e-02
1.259466578860717750e-02
1.305123216601815871e-02
1.127386438446346256e-02
4.591836734693877965e-03
3.007885537761157725e-03
1.216710627073938622e-02
5.621586893671699607e-03
1.313398314885180947e-02
1.020156314273961383e-02
6.267758649506936092e-03
3.320279243997956587e-03
3.937337689536734089e-03
9.788189987163029362e-03
1.414494596312778144e-02
-8.267747833691071677e-03
9.919697685403874171e-03
-1.048863730958128626e-02
4.529914529914530127e-03
7.216742843396680568e-03
1.244286439817166023e-02
3.171505245181751448e-03
-1.217478318879252827e-02
-3.540392661731573895e-03
1.304174950298210740e-02
5.265797392176529979e-03
2.282478119100737890e-02
-2.429543245869776515e-03
2.747724540614803271e-02
1.244286439817166023e-02
2.683581361307636141e-03
-8.267747833691071677e-03
-2.429543245869776515e-03
8.003201280512205196e-03
-1.377857027070838103e-03
-1.899841017488076295e-02
3.244383161651391264e-04
1.313398314885180947e-02
6.551318662859062329e-03
1.748846247267427795e-02
-3.278551064900218220e-02
7.872737602467332410e-03
5.193352508788750752e-03
1.259570264262780889e-02
1.445017864231838006e-02
1.743630573248407603e-02
3.007885537761157725e-03
3.007885537761157725e-03
9.788189987163029362e-03
1.672349407371326660e-02
9.233840778637383839e-03
1.100136513289970246e-02
1.332269644994016691e-02
-1.680461499874592521e-02
-8.267747833691071677e-03
-1.345626713182158062e-02
-1.327187475164904977e-02
7.154915990031353312e-03
-1.377857027070838103e-03
6.267758649506936092e-03
-2.018864802250537951e-02
