5.503258508327299112e-03
-3.588268201070886343e-02
-7.020280811232448891e-04
1.002253127185144879e-02
-3.113523870349672526e-03
-3.072668612690121481e-03
1.577287066246056690e-02
1.506704836522525172e-04
3.309654504359057104e-03
-1.619404059306175231e-02
8.064516129032257841e-03
6.174721756365299588e-03
-1.018043370302930059e-02
5.721830985915493141e-03
9.374267635340988950e-04
6.356396580697011578e-03
1.612635078969243407e-02
1.581213307240704469e-02
-2.414518264662356747e-03
1.944215957526358989e-03
-1.863303498779495665e-02
8.420085731781996657e-04
-1.055471787953336966e-02
-6.336633663366337058e-03
-8.176614881439084499e-04
8.513053348467650161e-03
-1.696386302666877052e-02
5.833141453680251373e-03
-1.552581261950286735e-02
8.075813761845899996e-03
-8.381839348079161284e-03
-7.405213270142179576e-04
2.962524070508072704e-03
2.509966041635907155e-03
-8.063865817272800355e-04
-5.439237016615751721e-03
-7.105076182205731505e-03
8.495678921927639696e-03
9.586752850606434714e-03
5.731890807480117395e-03
-3.341323454637902188e-03
-1.556929792651873430e-02
6.158930449151269089e-03
-4.135846655531695212e-03
7.740825688073394925e-03
1.421294774893197554e-02
6.614728796119358862e-04
3.370951194489227743e-03
-1.853224610822831655e-03
9.052550824702724000e-03
8.044280442804427680e-03
-8.179959100204499747e-03
-6.694690954382687131e-03
4.761904761904762334e-03
-2.225354202210518537e-04
6.832156684126622359e-03
-1.451589490492088714e-04
9.124537607891492624e-03
-4.279822581900241500e-03
2.480000000000000000e-03
-5.693950177935943463e-03
-1.798879386611618864e-02
7.685671712022586546e-03
-2.970444081390167753e-04
-1.789498469507887907e-02
6.473695959520797683e-03
7.606169448552715234e-03
5.365926367565956000e-03
-2.540220152413208941e-03
-5.937772147890111631e-03
1.034255116262011373e-02
2.811898771644220918e-03
2.001037575038909066e-03
3.727286845783506827e-03
-9.616864132943530458e-03
1.201736703364862831e-02
-3.051865907653383836e-02
2.504500273929717667e-03
1.558210284187875683e-03
-1.104449353108235979e-03
3.853850144519380214e-03
3.447412353923205025e-02
1.268115942028985588e-02
-3.944620620310928735e-03
-7.996273581243691989e-03
-9.740978525570069199e-03
-1.765026047741233284e-02
-6.342182890855457139e-03
1.409913921044820325e-03
-1.848543689320388331e-02
1.336203696830227852e-03
6.174721756365299588e-03
4.482327871261664737e-03
-4.244052793803840956e-02
5.828864537188155510e-03
-1.548009204379053108e-02
-1.427551748750892227e-03
1.389876016741688376e-02
7.747691344498356184e-03
-2.432720085145203149e-03
5.085748078060319671e-02
5.828864537188155510e-03
-2.128520556814502904e-02
1.768346595932802738e-03
1.446023435552231361e-02
4.622612913003940581e-03
7.747691344498356184e-03
2.902523583004111736e-03
-3.728734560708459739e-03
1.118985453189108494e-03
-6.960373329114925151e-03
2.223704692016900068e-04
6.291781360597718982e-03
9.846337460838430061e-03
1.340183158364976514e-03
1.448079231692677056e-02
-2.267332405664238340e-02
1.185352430678049754e-02
-2.216967188885604449e-03
5.324733763311834643e-03
-4.300756339908052422e-03
5.020440364340529246e-03
-1.118345461509000389e-02
-2.011910510220505603e-03
9.314703925482368391e-03
-9.818396574634577836e-03
3.805402178779286777e-03
1.612635078969243407e-02
1.923076923076923184e-03
-1.552581261950286735e-02
4.316857327865314224e-03
1.069677611053335316e-02
1.318577819637391062e-02
1.091879650598511810e-02
2.177463255307566896e-03
1.676291305742701188e-02
-3.574171029668411770e-02
2.182603133994243799e-02
-2.756930617246132562e-03
-8.009241432422025547e-03
-1.089040570595904527e-02
1.650165016501650185e-03
2.054739545709928505e-02
-2.379771938522558250e-02
7.974224728151430019e-03
1.168770453482935977e-02
4.801829268292682855e-03
4.975124378109452641e-03
6.370826010544815461e-03
2.640457679331084141e-03
-1.932367149758454057e-03
-2.918357178446864385e-03
-2.211900022119000304e-04
6.473953628425173183e-03
-8.548279194231770198e-03
7.089341819060662048e-03
8.742035857164024218e-03
7.611798287345385682e-03
-2.639341717124669886e-03
-2.398656752218757484e-04
9.321112319403449323e-03
6.719338403603337430e-03
6.829646876212650160e-03
1.576612264300427876e-02
-1.841371064168991628e-02
1.922650299489758220e-03
1.034255116262011373e-02
-2.863219895287958099e-03
-1.945117029862792474e-02
-1.619404059306175231e-02
3.417580670799554715e-03
-1.501382852627419946e-02
-1.623162974336477340e-02
2.386456857334625942e-03
-2.341189324176681623e-03
2.743789395624768139e-03
5.870998874055010329e-03
-4.661280298321939485e-03
2.597017140313126211e-03
1.226612840617964488e-02
3.807106598984771710e-03
-1.533944954128440424e-02
-1.941394604813495225e-02
4.383484162895927641e-03
7.995652848936499885e-03
8.861770901430957373e-03
7.970071567989589836e-03
8.861770901430957373e-03
-1.914085330216247841e-02
-1.263376932223543450e-03
1.944664031620553513e-02
7.537334460411383198e-03
-1.410018552875695825e-03
2.762637198536548825e-03
1.148875059837242696e-02
1.755999665523873265e-03
-2.277904328018223127e-03
-1.863303498779495665e-02
3.347965181162115746e-03
-7.405213270142179576e-04
