2.497769848349687752e-03
-6.694231147863752632e-03
-2.974094075291539539e-03
-3.241349102058694535e-03
3.825717321997874898e-02
3.428380299356133601e-03
1.202404809619238421e-03
1.081373344147066803e-02
-8.098443416070676484e-03
1.605265270085881645e-04
-1.375279353618703848e-02
-1.743831197140116942e-04
-5.191833861316438176e-03
-2.782124847852547253e-03
4.086451144206320121e-03
-9.117281392457520992e-03
-9.860852415908842768e-04
-5.429723859757989209e-04
1.098315205800810476e-02
5.123674911660777188e-03
-3.006789524733268718e-03
-2.036430618092509304e-02
1.997922160952609379e-03
6.864006864006863854e-04
1.053484602917342068e-03
1.141875505254648371e-02
5.994951619688683279e-03
-6.334760885082084056e-03
5.926056960905713364e-03
-4.051102860886656581e-02
-2.316602316602316483e-03
-2.543234994913529936e-04
3.180503923998347776e-02
-1.027452239524803343e-02
3.548147536925489072e-03
4.405992149323079143e-03
-5.301317533328135830e-03
7.653061224489795525e-04
-4.818153559216661191e-03
-7.324729682595046767e-03
8.364700961940611454e-03
-8.630361612151549091e-04
1.786808249948948490e-02
1.174769564431592164e-03
-6.372470925601401819e-04
3.536693191865605693e-04
1.952959157680224118e-03
-2.963480343244861287e-02
-2.466405851335261041e-03
-7.129489350325283244e-04
8.282828282828282387e-03
-1.119034558420186481e-02
-2.262443438914027351e-03
2.681444404719342083e-03
5.939796637471055768e-03
3.172588832487309614e-03
2.578981302385557547e-02
-1.231093914878649345e-03
-9.333091699891264692e-03
3.253891478322047410e-03
9.710309111506716271e-04
-8.765652951699462805e-03
-6.219578150351541025e-03
-1.735250371839365318e-03
-1.431844215349369889e-03
-1.220173535791757059e-02
9.114939385653085709e-04
6.276150627615062656e-03
-2.280301701455884900e-03
1.031941031941031872e-02
-2.151721377101681321e-02
-8.291014612913255068e-04
-5.764638063081610996e-03
3.020654747326312166e-03
1.580255681818181976e-02
-4.191306152090466114e-02
9.868421052631579267e-04
9.222423146473779712e-03
4.370346390417611214e-03
-6.607201850016517506e-04
-8.950508950508950443e-03
-5.834423096267981473e-03
1.026657060518731956e-02
2.192448233861144912e-03
-3.435245620061834308e-03
1.800769419661127921e-03
2.732020891924467811e-03
7.941698589180604118e-03
-3.570861767973337528e-03
-7.383100902378998860e-04
-2.886928628708901323e-03
-2.052184110231603659e-03
1.965803214907340876e-02
9.046126287505597274e-03
8.853831294269156943e-04
-6.469736954115944474e-03
4.885675200312683021e-03
-9.879647925273935677e-04
-2.268899237095016452e-02
1.463750645772343793e-03
1.945091682706919303e-02
8.451957295373666024e-03
-4.560379423568040923e-04
2.238957866883777709e-02
-1.614856681469519504e-03
-5.981815281544106307e-03
-6.903163950143815543e-03
3.452144644860619636e-04
-7.520159463622361207e-03
-1.055128414853590685e-02
6.234413965087282072e-03
-7.169743681663380162e-04
2.209569134018866520e-03
-7.933359777865926256e-04
1.154449674960771055e-02
5.950694247662226960e-03
1.563966218329684160e-04
1.258879597158528863e-03
-3.770276194651468477e-03
7.865062067658485506e-03
-1.229508196721311453e-02
1.273022751895991345e-02
-1.057225994180407448e-02
5.013316622277925669e-03
-6.195786864931846416e-04
-3.464624361779722848e-03
2.530150965674285218e-04
8.652764558276368674e-05
-4.630561707267968202e-03
9.552010698251981455e-05
-2.963480343244861287e-02
7.044379591425983843e-04
1.647866601275134804e-02
5.656600818031503122e-03
-9.702517162471396492e-03
-9.760732486827329579e-03
2.059557774607703381e-02
-2.034933016788197189e-03
-5.981815281544106307e-03
-1.517723414877683412e-02
-1.123216893182073456e-03
9.457947727041594865e-03
5.206463195691202542e-03
1.450264459989762797e-03
2.036741214057508076e-02
-1.520878329733621297e-02
8.877840909090909337e-05
2.562225475841874156e-02
1.150895140664961666e-02
-7.173601147776183587e-03
3.825435240846279845e-03
-1.183932346723044326e-03
7.635597682991048310e-03
-2.378774016468435289e-03
7.149009474590869648e-03
-2.489006886252385161e-04
5.860868087997961329e-03
2.909026798307475133e-03
-2.890679747722494763e-03
2.453406338843845333e-02
-2.287360216875635507e-03
-2.908184461985874672e-02
9.110451427986488576e-03
4.894249257122880968e-03
5.160142348754448438e-03
-2.791513798053916161e-03
-3.212206384260188775e-03
3.223784364645831263e-03
9.245830311820159991e-03
-1.902346227013316420e-03
2.634074386260668119e-03
4.150476863299187510e-03
-2.782366750717329106e-03
-2.257728377908996276e-03
1.288066979482933166e-03
4.396131404364159515e-03
3.297388824525443202e-03
3.439544207638742246e-02
-3.649302070978925096e-04
1.925082217053019924e-03
-2.908184461985874672e-02
1.093750000000000104e-03
-6.752608962553714039e-03
4.628393413440142108e-03
-1.246625377163728711e-02
4.018646519852113463e-03
3.325415676959619839e-03
-1.924203128921609697e-03
1.699615350210215668e-03
6.871035940803382411e-03
-2.942750133761369655e-03
3.436426116838487907e-03
2.210817212791156561e-03
-7.580064430547659229e-04
-2.474634991338777422e-03
2.578427159432745974e-03
2.334943639291465166e-03
-1.840193704600484245e-03
-5.732849226065354735e-03
-2.793296089385474950e-03
