-7.370310875933100067e-03
7.636431365244924531e-03
-1.387315968289920716e-02
5.580876197563016967e-04
-4.652894100130281103e-04
3.272309188997965870e-03
3.539493293591654353e-03
3.415174450803027707e-03
2.016975449484348024e-02
2.753809436387001913e-03
4.329801934592353470e-03
4.342712385777616757e-03
1.594148537134283542e-03
7.752670889666257031e-03
-3.650659926986801664e-03
-7.323995239403094382e-04
-2.195188877709686442e-03
-1.516232607920085535e-03
1.780309773900658828e-04
1.485332343111771215e-03
5.565862708719851882e-04
9.251392428962522396e-03
2.444757874941231972e-03
-9.085127646043427221e-05
1.121839080459770092e-02
-5.450808685550889189e-03
2.644299118566960372e-02
2.568336085121995880e-03
-6.466097889537494522e-03
-5.515370705244122991e-03
2.202449123425248741e-03
-5.386329866270430852e-03
1.781406568936723042e-02
-9.130752373995617416e-05
-3.650659926986801664e-03
4.697380307136404982e-03
3.415174450803027707e-03
6.462930477333579324e-03
9.472387989012030773e-03
4.222441829125864708e-03
-1.960434860096239504e-02
4.844606946983546700e-03
5.267613582917881482e-03
-5.057551447506103762e-03
5.367686527106817380e-03
-1.381088297578491816e-02
6.321225071225071608e-03
5.652378709373528454e-04
2.906704172526957536e-03
-1.834862385321100911e-04
1.093095281472035007e-03
4.001455074572572192e-03
-1.582139404060824497e-03
-2.527616551207638885e-03
2.551020408163265103e-03
1.898793377607333258e-02
7.490636704119850485e-04
1.210090291352508562e-03
2.560706401766004413e-03
-7.706766917293233002e-03
-1.083363936834373827e-02
1.600753295668549871e-03
2.822466836014676794e-03
1.233981964878974776e-03
8.805513016845329874e-03
5.463966085727744136e-03
4.650730164635847653e-04
4.050073637702504038e-03
-2.453430258973193952e-03
-3.194888178913737886e-03
-2.244971264367815952e-03
-1.580955842267853934e-02
4.697380307136404982e-03
-1.145947928126146015e-02
-8.777603252332994918e-03
-1.295409743734159472e-02
7.159005275056518763e-03
7.129489350325283244e-04
1.974865350089766766e-03
-3.122370758156492454e-02
2.197399743636696545e-03
3.536528617961842876e-03
8.607411434266557318e-03
1.250558284948637740e-03
-1.022589941433485168e-03
-4.613935969868173184e-03
5.564830272676683526e-04
1.443131595562370311e-03
-4.248163554296840311e-03
2.568336085121995880e-03
1.159058487874465139e-03
-4.248163554296840311e-03
9.095215537659876934e-03
-4.359577992850292329e-03
-9.481369109699441225e-05
-3.387657938106573841e-03
8.435654700534257668e-04
-1.116279069767441793e-03
-2.982570603038493633e-03
-6.507390536394905322e-04
-1.072175732217573244e-02
7.346863807512168162e-04
2.700437657137536203e-03
-2.984026680709145167e-03
-4.400843495003209198e-03
3.216955246475541874e-03
3.674392312040700853e-03
3.268099874674636196e-02
9.285051067780872823e-04
7.016213141177586425e-03
3.129314312011044832e-03
1.676758267349790507e-03
2.485501242750621457e-03
1.323145732389116591e-02
4.221784407542921412e-03
9.804795436313396267e-04
3.646973012399708398e-03
-1.951672862453531550e-03
-1.452696568004358023e-03
5.565346442816064944e-04
1.019242597311308292e-02
1.803738317757009463e-02
-1.022304832713754642e-03
-1.490203293165302117e-02
-4.934210526315789200e-03
-1.296432511952923944e-02
1.459454528869834865e-03
-6.187024924871840090e-04
3.856749311294766034e-03
1.395738345584814338e-03
-1.821825469120058345e-04
-1.539563193698532083e-02
3.646973012399708398e-03
-2.415907823824567716e-03
2.018633540372670801e-02
-1.860119047619047516e-04
8.918219923303308608e-04
-7.428040854224697825e-04
3.306878306878306695e-03
1.023827252419955321e-03
3.955348510152061244e-03
1.600753295668549871e-03
-9.294544102611767243e-04
4.385555659232993897e-03
5.565346442816064944e-04
-1.821161901293024982e-03
-6.332104716000377768e-03
-2.792516056967327327e-04
-2.433301468671243434e-03
-1.301357129577988478e-03
-5.331587316434384383e-03
3.001313074470080521e-03
2.367200075750402338e-03
1.736269761491364243e-03
4.654626698938745129e-04
-1.171910213648246629e-02
-5.444646098003630202e-04
2.604166666666666522e-03
8.697261287934862986e-03
4.515296719498709983e-03
-7.238508867173362249e-04
1.031991744066047389e-03
3.997093023255814115e-03
4.330634532103181701e-03
4.046034885811904298e-03
-4.555393586005830695e-04
-1.414249910490512040e-02
-2.769461077844311350e-02
7.245703669298652998e-03
-8.026267785479752545e-03
4.921259842519684971e-03
1.707294805076234670e-02
5.461496450027307015e-04
9.303190994511117149e-04
4.515296719498709983e-03
3.541076487252124705e-03
3.536528617961842876e-03
4.188774085450991044e-03
5.099675475197033327e-03
-5.444646098003630202e-04
-1.490203293165302117e-02
3.521436746192446558e-04
-5.645232424803739955e-03
-5.465476407360174600e-03
7.277628032345013348e-03
1.004034906634137213e-02
4.857425564450841386e-03
-7.434253322181953684e-04
2.662879460323095988e-04
-7.922535211267605921e-04
-1.502165699013915771e-02
-8.390189931772082388e-03
-3.400143163922691395e-03
-4.409171075837742260e-04
2.423263327948303649e-03
-1.518458764354180517e-03
-1.309757694826457156e-03
3.682414226693012192e-03
-5.372427608814423286e-03
-2.684083385523843512e-04
