-8.547739123001966196e-05
5.517748758506529558e-04
-7.830087109719095686e-04
-2.813467129325705903e-04
6.297795771479982457e-04
1.710786962002521210e-03
8.650519031141868233e-05
-3.463803255975060700e-04
8.551881413911060700e-04
1.706339049569149371e-04
1.268575570859006851e-03
9.460737937559129604e-04
-1.111008239977779753e-03
1.027557216254086810e-03
1.712328767123287685e-04
4.910626595953643389e-04
-7.577192650123128898e-04
-8.549931600547195504e-05
1.367187499999999913e-03
2.751788662630709871e-04
-9.039139473922083072e-04
0.000000000000000000e+00
-1.970905678085405760e-03
4.259750094661112797e-03
0.000000000000000000e+00
1.728907330567081696e-04
6.867542278307150463e-04
-4.444049417829526449e-04
4.495998561280460225e-04
-6.922810661128418665e-04
-7.473974552896165031e-03
-8.661008141347653188e-05
1.878463416924955364e-04
4.561627588723656370e-04
-7.778738115816767520e-04
1.867064973861090496e-04
-4.267303917384996054e-04
6.410843483835515976e-04
-3.713330857779428037e-04
1.392499071667285555e-03
8.906305664410402341e-05
-2.894635275955229374e-04
4.454342984409799685e-04
-3.459908312429720370e-04
5.102040816326531072e-04
3.774653203736906895e-04
-2.563007261853908416e-04
0.000000000000000000e+00
-4.605747973470891775e-04
8.585901948999741750e-05
-8.555783709787816431e-05
1.223874976463942702e-03
-2.852410747147589125e-03
0.000000000000000000e+00
1.709547824600393239e-04
-8.520790729379686785e-05
3.656307129798903313e-04
-8.635578583765111862e-05
-8.549931600547195504e-05
-3.246753246753246967e-03
-8.187028108796506800e-04
2.764212660093983212e-03
0.000000000000000000e+00
-9.892975987049195015e-04
-8.907892392659896288e-04
-2.838758516275548824e-04
5.869692819409117086e-04
5.980350277659119817e-04
2.530501581563488443e-03
1.891610706516598972e-04
8.622176237282289796e-05
8.999280057595392015e-05
0.000000000000000000e+00
6.004975551170970045e-04
-3.436130916587922012e-04
-2.577319587628866039e-04
0.000000000000000000e+00
1.715412985676301628e-04
-9.025270758122743190e-05
9.314456035767511169e-04
-8.951750067138125643e-05
4.574146921599121850e-04
-4.553734061930783238e-04
4.581691560524145585e-04
0.000000000000000000e+00
4.619364375461936434e-04
-9.100837277029486341e-05
-9.307520476545048493e-05
-9.127418765972983110e-05
3.590498987295157214e-03
4.573310161895179906e-04
4.720543806646525947e-04
-1.727563272004837050e-04
-9.224241306152568677e-05
-6.854596864021934638e-04
-5.458515283842794476e-04
0.000000000000000000e+00
8.644536652835408481e-05
1.883239171374764516e-03
4.030226700251889277e-04
1.710278775440396870e-04
4.038179148311307060e-03
-2.225783475783475827e-03
-8.636324380343726368e-05
-2.573781743308167650e-04
4.748338081671415242e-04
0.000000000000000000e+00
-2.787068004459308758e-04
8.580417580322242639e-04
-9.990009990009990001e-05
-1.878287002253944504e-04
1.365071239655319497e-03
1.111625752663270017e-03
3.923107100823852418e-04
9.001710324961742201e-05
-6.294397985792644316e-04
1.709547824600393239e-04
5.982905982905982901e-04
1.450759515275644234e-03
6.853422427824895592e-04
-8.785030308354564092e-05
-1.115496825124420721e-03
2.599202911107260385e-04
1.383508577753181975e-03
9.014693951140358478e-05
-3.567606136282554328e-04
0.000000000000000000e+00
-4.448398576512455288e-04
5.154196374881882476e-04
8.902341315766045936e-05
-8.502678343678259250e-05
1.021735091956158361e-03
-8.589589417625837680e-05
1.880663361258334745e-03
0.000000000000000000e+00
-3.414425949637217507e-04
-8.602150537634408053e-05
-4.690431519699812379e-04
-1.218597675290588721e-03
1.405283867341202992e-03
-3.838771593090211320e-04
5.061753391374771999e-04
4.259306584887980309e-04
7.796257796257796691e-04
-1.709547824600393239e-04
-4.447211598327848380e-04
7.395082270290257278e-04
2.701729106628242305e-04
-1.730891864808235467e-03
3.119682359614293996e-03
9.014693951140358478e-05
5.445634416409512102e-04
-8.580744808649390788e-05
-3.438493939654431344e-04
-8.584427847883938079e-05
1.700969552645007540e-04
1.051926938892607877e-03
4.325633705337831930e-04
-1.706921566953998584e-04
9.155832265152902272e-04
9.524716639679969116e-05
-1.720134170465296292e-04
-2.741228070175438444e-04
3.607828988905925779e-04
-3.864556496135443386e-03
-2.578870454740823373e-04
-2.997377294866991355e-03
-2.551888397414086218e-04
-1.709840129947849913e-04
-6.286484059272564240e-04
-3.662668253822910173e-04
8.420658682634730779e-04
-5.437245129134571364e-04
-9.216589861751152066e-05
-5.438723712835387848e-04
1.731002250302925453e-03
1.211104900316750579e-03
-5.746025665581306089e-04
9.066183136899365336e-04
-2.328614008941877738e-03
-8.152912401485642264e-04
-1.956035767511177508e-03
-2.268216614686702562e-03
-8.540438978563498647e-05
-1.914608462569404590e-04
-6.002400960384153246e-04
8.596234849136078632e-04
6.573387172504460349e-04
1.702417432754511277e-04
4.290372404324695123e-04
-2.543091268719977188e-03
1.832005129614363019e-04
-3.266753780100802810e-03
6.554920872740893547e-04
8.602890571231933581e-05
-3.415592178293911491e-04
7.598062494064013704e-04
1.041666666666666652e-03
1.101983570426768276e-03
8.544087491455913143e-05
