1.619039909333765039e-04
2.747024057271289527e-03
-7.423841624712006551e-03
1.236501525018547610e-03
3.002001334222815024e-03
-6.504593869420278313e-04
-3.479245893680718571e-03
8.137358613394091948e-04
-1.457725947521865866e-03
2.490960224989955882e-03
2.108849055073404050e-03
1.259763164525069248e-03
-7.471359787481321804e-03
-1.080093054170820892e-03
7.286859363614282478e-04
-1.602564102564102563e-04
2.900185289615725501e-03
8.304268393954492738e-05
5.044560282495376066e-03
-2.663115845539281139e-03
-4.161118508655126374e-04
9.665726943213853945e-04
-2.836757500214906035e-03
1.529441753759877738e-03
-1.925491837588949248e-03
-2.683750324647216599e-03
-1.986649713922441184e-03
-6.888068880688807266e-03
1.296792599636898032e-03
3.445788925394663218e-03
-1.975146078512056771e-03
3.781783070485999348e-03
-3.772003352891869273e-03
3.353973168214654122e-03
-1.196452476572958459e-02
2.249437640589852395e-03
2.433484750162232435e-04
2.334111370456819125e-03
3.209242618741976662e-04
-1.006880349051854405e-03
1.461276181198246362e-03
1.018243529910903625e-03
2.170069120720141513e-03
-2.485567671584349055e-03
-4.204153703859413106e-04
-1.743679163034001812e-03
2.842985947526602015e-03
2.564719083112927591e-03
1.298174442190669310e-03
8.387538514207463006e-03
-1.440460947503201077e-03
-2.408187838651414808e-03
6.688403979600367503e-04
1.408684123301292678e-03
9.608455440787892852e-04
1.268733645230354359e-03
3.432111166917796701e-03
6.139154160982264810e-03
-2.418077211706828964e-03
-3.745019920318724913e-03
2.443792766373411533e-04
-8.734317929172622647e-03
3.154574132492113468e-03
-2.321182943603851499e-03
2.790178571428571491e-03
1.566661444461851771e-04
2.427794056090414477e-03
3.375461182196404838e-03
1.005932421975754519e-02
-1.587168991730014212e-03
-1.997503121098626652e-03
-4.160426027625228765e-04
4.367871875758311088e-03
2.978723404255319285e-03
4.098703471350898832e-03
-5.431553933633200687e-03
2.332689832689832654e-03
1.906577693040991360e-03
4.529201430274135826e-03
-5.954912803062526773e-04
5.204031058979018305e-03
4.256739838076954892e-03
6.330154554422887103e-03
-3.165347771761765818e-03
6.724949562878278306e-04
1.667857993805098782e-03
9.582368442066597700e-04
6.436041834271922580e-04
3.474031613687684691e-03
-1.147115465126015248e-02
3.971271651880017156e-03
1.015744032503809041e-02
1.663339986693280039e-03
2.095908786049631260e-03
-1.017373610893723647e-03
3.912975426514321759e-04
2.170592491357826222e-03
-2.039602277555876454e-03
5.513439007580978567e-03
-4.055150040551500513e-04
-8.909449156172363077e-03
6.266645777847407086e-04
-4.172926055750291840e-04
-8.541338419437764784e-03
4.257130693912303189e-04
-6.584362139917695990e-04
3.786982248520710023e-03
-8.356313194618534103e-05
1.619039909333765039e-04
1.082070917263192999e-03
-5.033557046979865446e-03
-1.196452476572958459e-02
1.431297709923664120e-03
1.136461472234179954e-02
7.556040634707413559e-04
1.628134158254640289e-04
2.021903959561920615e-03
-5.540853456830962913e-03
3.269891842039070878e-03
-8.015389547932029110e-04
-6.121134020618556638e-03
2.108849055073404050e-03
-5.580802040979032609e-04
-5.937234944868532592e-04
1.455957291919437102e-03
7.944073721004131570e-05
2.242152466367712971e-03
8.387538514207463006e-03
9.258479925932161037e-04
5.017561465127947469e-04
-3.666666666666666598e-03
2.472187886279357018e-03
-8.735374258695303637e-03
3.439999999999999915e-03
0.000000000000000000e+00
-1.927912824811399894e-03
3.455758257654906272e-03
-1.377968712004539126e-03
1.681237390719569577e-04
-1.338016390700785992e-03
-2.577541025861328303e-03
2.438231469440832304e-04
-1.752988047808765005e-03
7.941872254139911366e-03
3.154325368661777679e-03
-2.663115845539281139e-03
-4.526003949967083960e-03
-5.473544534748714385e-03
-2.331002331002331000e-03
6.515188533268181882e-04
-1.746031746031746030e-03
1.167542323409223592e-03
-1.662510390689941843e-03
-2.739043824701195388e-03
-2.433879604088917843e-04
5.142710208279763434e-04
1.087320173971227742e-03
-7.295719844357976755e-04
2.401729245056440434e-03
1.330782666555768018e-03
7.464585630672660940e-03
-1.081710767182559501e-03
-2.073434125269978286e-03
1.033222063264981668e-03
8.227067050596462800e-04
-3.242016534284324915e-04
-4.126213592233010131e-03
-7.829627309740056656e-05
3.839692824574034071e-03
-1.168126825198164374e-03
2.935256625293525528e-03
-4.028873594090985263e-03
-4.163544008660171572e-04
-2.994759171449962350e-03
4.423670812119188944e-03
-5.353408615641990984e-03
2.116982907323192598e-03
1.290530730763026282e-03
-1.130789057952939249e-02
7.545904250859395085e-04
4.168056018672890986e-04
6.917938931297710169e-03
1.628134158254640289e-04
2.857382973359105880e-03
6.383148487991702332e-04
4.738213693437573655e-03
1.827242524916943434e-03
1.923720307795249215e-03
-4.762660739799968079e-04
-1.284315299406004179e-03
1.413603858307001465e-03
5.148548278190411866e-03
-2.542588354945334549e-03
0.000000000000000000e+00
2.788844621513944435e-03
6.514127514046087579e-04
-7.493131296311713978e-04
3.960876242825963657e-03
3.306604943374390204e-04
1.358088361698469963e-02
