-8.113590263691683457e-03
1.586895316099308853e-02
1.928495949277914817e-02
-2.763356221738402178e-03
2.223172295852928783e-03
1.718360683907552275e-03
4.626060138781804172e-03
1.383966244725738474e-02
-7.623467020218760784e-03
1.912204855337545830e-03
3.244592346089850057e-03
1.844986636779032824e-02
4.934210526315789200e-03
3.244592346089850057e-03
2.117586295945596969e-02
-3.719008264462809934e-03
5.431149732620320879e-03
1.011959521619135161e-02
-4.962368703994706485e-04
7.747933884297520876e-04
1.941413967872175975e-02
-4.735005814919421470e-03
4.290372404324695123e-04
1.185135020739862786e-02
1.587852494577006446e-02
2.830022851116189078e-02
-1.241658923895599259e-02
-2.067653626664461234e-03
1.773684659333162744e-02
1.178580579041762708e-02
-5.072343256278063865e-03
3.422899195618688863e-03
-2.711922224117346153e-02
8.084630601186892571e-03
9.022044429313133551e-03
1.207625291123954128e-02
-5.072343256278063865e-03
1.737166681143055644e-03
1.102693602693602740e-02
-2.419020793637643996e-02
4.660064908046933872e-03
7.747933884297520876e-04
6.244796003330557559e-03
-1.610852055955913588e-03
1.027281913102054585e-02
2.143977688687467159e-02
-8.456659619450316613e-04
3.050072015589256908e-03
2.087501087240149766e-02
-5.365002906735320820e-02
-1.628099173553719178e-02
1.279208596281767099e-02
1.427371956339210709e-03
-4.111773097256020935e-03
-1.610852055955913588e-03
1.852496086275873949e-02
7.338225483655770251e-03
2.850435949027498202e-03
4.273139047944620296e-04
1.493049596704994035e-02
1.668195846192342896e-03
4.274965800273597752e-04
-2.833668678739101332e-02
1.668195846192342896e-03
1.085054252712635593e-02
3.590664272890484870e-03
-1.709401709401709574e-02
-9.599332220367278595e-03
8.179959100204499747e-03
-2.057542901050115128e-02
-1.994183631076028307e-03
1.103035485250106890e-02
-1.031017154739213328e-02
1.584389593062041383e-03
-2.167975418231478379e-02
-2.585349685117666399e-02
-1.707504482199265899e-02
2.524544179523141585e-02
-9.138489656891252188e-04
-3.389535894316009212e-03
-5.035669324381031797e-04
2.923732353186868273e-03
-1.880663361258334745e-03
6.006507049303412386e-03
-1.739995028585632599e-03
-8.075930397135958061e-03
2.729571814772826371e-02
1.692876170834407487e-02
7.270838743183588408e-03
-4.776669739378194834e-03
1.533611655448581350e-02
3.590664272890484870e-03
7.811187636485805719e-03
-9.599332220367278595e-03
1.033787191124558788e-02
4.065715233986060689e-03
-1.164337990685296049e-03
2.428810720268006693e-03
7.344777521564608593e-03
-1.479216593669944665e-02
1.586895316099308853e-02
3.509065084802406431e-03
-1.275930908775279975e-02
2.195728621665666083e-02
-1.203266007735281527e-03
-5.288253142609449127e-03
8.551438196423944565e-03
3.598267173547873427e-02
-1.005783253708825761e-03
-7.871406081696908849e-03
8.305369127516778333e-03
2.992731936725096138e-03
3.742514970059880250e-03
-1.164337990685296049e-03
-2.585349685117666399e-02
-3.740945888368129441e-02
-1.135045567522783780e-02
3.583631969330777420e-03
1.176470588235294101e-02
-5.977286312014345841e-03
-2.481389578163771883e-02
2.224936741994590350e-02
3.251197809719370488e-03
3.905600797739737506e-03
3.581542562052307099e-03
1.670006680026720185e-03
1.586895316099308853e-02
1.429313929313929393e-02
-1.135045567522783780e-02
9.604142308334725348e-03
6.968933669185558601e-03
1.595432026198673366e-03
-1.005783253708825761e-03
-5.484004985459077844e-03
-3.730077992539843762e-02
1.103035485250106890e-02
3.422899195618688863e-03
6.244796003330557559e-03
7.270838743183588408e-03
-1.168516818295634680e-03
1.209474214681673099e-02
1.027281913102054585e-02
1.587852494577006446e-02
5.291894162116757630e-03
-4.929400952460523226e-03
-1.031017154739213328e-02
2.225455790464777716e-03
1.006289308176100579e-02
-1.203266007735281527e-03
-3.345600535296085459e-03
-6.593963986812071722e-03
-4.551243950072174360e-02
2.228412256267409478e-02
1.897350703855906276e-02
1.844986636779032824e-02
3.244592346089850057e-03
1.497878006157942875e-03
2.041531586786997365e-02
1.159468996807259261e-02
1.103035485250106890e-02
-1.357728288765626228e-02
-6.199048913043478035e-03
8.509914049868096131e-03
3.583631969330777420e-03
-4.225114078080108109e-04
9.604142308334725348e-03
-3.136216031447616043e-02
1.178580579041762708e-02
2.159468438538206074e-03
3.509065084802406431e-03
1.209474214681673099e-02
1.881789410657771014e-02
8.488821650697597060e-03
-5.484004985459077844e-03
9.834368530020703991e-03
2.159468438538206074e-03
1.930139209155350491e-02
-1.031017154739213328e-02
1.909189009711961425e-03
1.586895316099308853e-02
6.664358663666263005e-03
-1.748102669054319228e-02
-5.484004985459077844e-03
-1.119124595871673691e-02
2.228412256267409478e-02
-1.994183631076028307e-03
1.533611655448581350e-02
1.407145264577013867e-02
-6.462838677603778038e-03
1.180294218268901872e-02
-1.783276450511945416e-02
8.007577062166350290e-03
-2.583850931677018556e-02
-1.479216593669944665e-02
1.881789410657771014e-02
1.280166075598996624e-02
-6.462838677603778038e-03
2.195728621665666083e-02
1.102693602693602740e-02
-2.023981631091079092e-02
