2.671891699323120702e-04
8.150697337438870182e-04
-2.543142597638510267e-03
-2.594706798131810976e-04
3.629105425512611132e-04
2.733734281027883940e-04
5.330490405117270687e-04
8.040739748056821221e-04
-2.509953262939241658e-03
3.666697222476854008e-04
-1.218344791576016000e-03
1.719099192023379810e-04
6.830601092896174857e-04
9.134088417975885787e-05
-3.661327231121281429e-04
8.661758336942398983e-05
1.766620176662017693e-03
-8.909479686386315503e-04
7.129489350325283244e-04
-3.626144501858399221e-04
1.028902815452249504e-03
-8.372093023255813447e-04
-3.429943405933802165e-04
5.517241379310345055e-04
1.276789785681714529e-03
0.000000000000000000e+00
1.381597126277977258e-03
1.732051615138130993e-04
4.257855743847398342e-04
-8.148483476686283313e-04
8.650519031141868233e-05
-2.847650688182249649e-04
-4.500450045004500258e-04
0.000000000000000000e+00
-6.393861892583120729e-04
-4.554978591600619621e-04
-1.829658768639648740e-03
-1.780943900267141652e-04
-9.388789784996713498e-05
2.571134727459718750e-04
-3.608104357479877729e-03
9.141603437242892816e-05
6.448641179180100843e-04
-8.901548869503294139e-05
0.000000000000000000e+00
8.594018563080096690e-05
1.408450704225352188e-03
1.856665428889714019e-04
1.882530120481927809e-04
-2.672564740576905459e-03
-6.854596864021934638e-04
4.284857314251435301e-04
-8.582217645039478811e-05
2.749014936314487351e-04
1.402262316537346938e-03
7.346863807512168162e-04
4.642349597347228581e-03
-6.580184245158864336e-04
4.531858968548898789e-04
-1.215180407552813712e-03
-9.782821365681862262e-05
-8.994423457456377120e-04
-9.244707405010631543e-05
1.438331535418914007e-03
1.086858074449778165e-03
-6.061655697956355683e-04
-1.513128615932354251e-03
2.078062883989880739e-03
-2.593585199273796388e-04
-2.758874379253264779e-04
-9.003331232556045761e-05
2.663825253063398886e-04
9.417082587814294757e-05
3.651634106262552750e-04
-7.283321194464676285e-04
6.566604127579737330e-04
-3.630752473450122317e-04
-4.581271761040865351e-03
1.111831742796256768e-03
-2.047082906857727782e-03
1.211701575212047839e-03
-6.669207317073171234e-04
1.563218390804597784e-03
-5.136106831022085439e-04
-9.504882053054523102e-04
0.000000000000000000e+00
1.700223713646532332e-03
6.349206349206349201e-04
3.632730905458178084e-04
7.798960138648180140e-04
-1.829324064758071854e-04
-4.747436384352449559e-04
-3.476447071093342824e-04
0.000000000000000000e+00
-3.462304163420756669e-04
-4.279722673970726794e-04
-9.513102136123843160e-04
2.811621368322399315e-04
-8.549931600547195504e-05
1.702771733989215820e-03
-1.780309773900658828e-04
1.137225170583775575e-03
7.652573177731012170e-04
-1.574219835169923202e-03
-8.632596685082872569e-05
-9.061254077564334652e-05
7.207207207207207318e-04
6.835269993164730514e-04
2.664061806233904411e-04
-8.578536501672813963e-05
0.000000000000000000e+00
-4.206192947914802298e-03
-7.981553742461866031e-04
3.432297923459756315e-04
-4.215542521994134623e-03
-2.550153009180551058e-04
-1.367454580972846155e-03
-1.703142297538959445e-04
-4.610419548178884162e-04
-8.497620666213459724e-05
-1.620745542949756810e-03
-2.818319073980875798e-03
5.002501250625312297e-04
-1.034515188563904899e-03
8.596234849136078632e-04
-1.017199926021823556e-03
2.697599136768276135e-03
-8.805400645729381109e-04
5.359535506922732864e-04
1.409774436090225486e-03
0.000000000000000000e+00
1.873536299765807961e-04
-8.577800651912848961e-05
1.223759766544290761e-03
2.818489289740698858e-04
-7.461294534601753316e-04
-1.726072322430309818e-04
0.000000000000000000e+00
-1.082055906221821495e-03
6.012196169372154573e-04
6.918021445866482516e-04
-1.166294100495674944e-03
-8.022820467106435731e-04
-4.907734589713388116e-04
-2.654462242562929172e-03
-6.569069069069069554e-04
2.211963839199846283e-03
8.583690987124463056e-04
5.384063173007896550e-04
2.921771913289349619e-03
