5.348070237989125926e-04
-8.937349182232550045e-05
4.377900358987829371e-04
1.680226388397594627e-03
-8.885729518393459649e-04
4.447607187333214927e-04
-5.304570771815046975e-04
1.782531194295900129e-04
1.793078716155639273e-04
2.675704602211915746e-04
4.402183483007571924e-04
-8.593280054996991894e-05
-1.823985408116735041e-04
-1.035732780942516746e-03
2.704408185342107814e-04
1.833684789584670409e-04
5.180005180005180362e-04
2.636435539151067990e-04
3.563156957063958732e-04
-8.702462796971542473e-05
-8.615490652192642890e-05
4.569966182250251416e-04
3.552397868561278670e-04
2.587098999655053637e-04
-8.618460742911316654e-05
-7.207856563654382832e-04
8.893632159373887950e-05
8.689607229753215385e-05
0.000000000000000000e+00
-5.377789728421619037e-04
5.342355978986732630e-04
-6.318830113738941982e-04
2.728264823572207820e-04
-3.518958388317058286e-04
1.719986240110079072e-04
2.679528403001071781e-04
1.773678609435970109e-04
-1.781737193763919820e-04
3.523918597480398072e-03
-5.178216967290929455e-04
0.000000000000000000e+00
-1.721911321566939324e-04
-1.716443529007895762e-04
1.646391658282264723e-03
3.672082989075553354e-04
-3.496809161640003494e-04
1.719394773039889979e-04
4.570383912248628870e-04
2.674988854213107255e-04
0.000000000000000000e+00
4.297747980058449525e-04
1.714383679067375398e-04
2.724548179093633834e-04
-9.179364787956673403e-05
-1.758860258552458037e-04
7.737276478679504634e-04
-7.005253940455341772e-04
-8.989572096368212545e-05
-1.817355747387551035e-04
-3.595182455509616940e-04
-3.507233669443226881e-04
1.717917883525167536e-04
8.951750067138125643e-05
1.717475311292400160e-04
3.450060376056580860e-04
1.718508334765423708e-04
-2.639450994193207794e-04
2.620774001921900875e-04
-1.718360683907552166e-04
-8.602150537634408053e-05
-6.996676578625152850e-04
0.000000000000000000e+00
-5.509641873278236417e-04
8.885729518393460733e-05
-2.662170556393646053e-04
-7.257552390456318333e-04
6.271277548826375203e-04
2.688172043010752686e-04
-4.375984596534220213e-04
6.015296038497894597e-04
-3.473428273706147783e-04
0.000000000000000000e+00
0.000000000000000000e+00
-4.499640028797696279e-04
-6.114605171208944761e-04
-8.884150675195451145e-05
-6.886459499010071268e-04
4.538852578068264601e-04
-7.885744326645053540e-04
-8.938148015731140275e-05
-4.520795660036166217e-04
3.571747477453343796e-04
-1.097193014537807369e-03
3.587765718898556166e-04
0.000000000000000000e+00
1.781102502449015835e-04
-8.655011251514626452e-05
-3.514938488576450134e-04
1.725327812284334057e-04
-1.838742300266617757e-04
4.485914229319935462e-04
-1.726017441860465147e-03
-1.032613372343171854e-03
2.693965517241379273e-04
-8.982304859426928478e-05
-8.907098957869421542e-05
0.000000000000000000e+00
-9.080177971488241672e-04
3.532008830022075052e-04
4.297009281540048074e-04
-5.190760446405397882e-04
-6.291569297141829916e-04
8.614748449345279010e-05
-1.748710326134475870e-04
0.000000000000000000e+00
-6.438557763061074314e-04
9.117432530999270725e-05
-9.878760664571170982e-04
0.000000000000000000e+00
5.333807449551071153e-04
3.568879371877230569e-04
-6.914433880726015332e-04
2.694449434165618624e-04
-8.619946556331350637e-05
-9.704455227172474260e-04
6.939625260235946988e-04
3.523608174770965617e-04
4.296270836913558999e-04
-3.517411185367569403e-04
-2.626280311651930325e-04
-5.292405398253505937e-04
-6.258941344778254628e-04
2.668564312399928739e-04
5.545799057214159753e-04
7.792207792207792201e-04
4.456725198324271425e-04
-5.534544783691541748e-04
0.000000000000000000e+00
3.499868754921690427e-04
3.562839583147768617e-04
2.587545282042435645e-04
2.723806065008171429e-04
-5.396654074473826272e-04
8.516436722875149012e-05
-3.676470588235294067e-04
-8.821453775582216439e-05
-1.824984031389725436e-03
9.190331770976932621e-04
-2.644103648863035429e-04
-1.723395088323998305e-04
-5.378753922008068207e-04
8.627383314640670151e-05
8.618460742911316654e-05
0.000000000000000000e+00
1.719246969827215672e-04
4.434983147064041264e-04
0.000000000000000000e+00
-1.753309371438590322e-04
1.838066354195386362e-04
8.879417510211330071e-05
8.807468733485996433e-05
1.800180018001800103e-04
-2.587098999655053637e-04
0.000000000000000000e+00
5.249343832020997302e-04
-8.646779074794639448e-05
-1.751620248730075447e-04
1.749169144656288213e-04
-2.623294858342077726e-04
6.205673758865248510e-04
2.719361856417693924e-04
-3.405414609228673423e-04
9.238728750923872867e-04
-1.775095411378361577e-04
8.996041741633680551e-05
-3.563791874554526201e-04
8.792754770069462580e-05
5.215123859191655650e-04
1.078263994968101276e-03
-1.538043969962906007e-03
-8.614006374364717293e-05
-8.874689385871494971e-04
6.038126455619770424e-04
0.000000000000000000e+00
-5.199757344657248868e-04
-2.729009369598835600e-04
1.189060642092746624e-03
0.000000000000000000e+00
-2.712232167073501594e-04
-3.449465332873404488e-04
4.498830304120928630e-04
8.796622097114707858e-05
-4.498830304120928630e-04
4.570383912248628870e-04
0.000000000000000000e+00
9.051412020275162299e-05
1.165605666636779312e-03
-9.677135567871910423e-04
-1.765225066195939883e-04
0.000000000000000000e+00
