-8.993697330217407387e-03
3.142201834862385496e-02
3.857429409041814722e-02
-1.363277606371529095e-02
-2.367564368156259338e-03
-1.364844479563249828e-03
-8.993697330217407387e-03
1.025107710592779685e-02
-4.752646359904947118e-03
2.806292002067794014e-02
2.875000000000000125e-02
-6.332414512404082457e-03
-1.803535785571713790e-02
2.318127608825283278e-02
4.857633958598011822e-03
3.409927824421858655e-02
-4.752646359904947118e-03
-1.363277606371529095e-02
-4.117009750812567967e-03
2.806292002067794014e-02
-6.332414512404082457e-03
2.714561951509742582e-02
2.756052141527002078e-03
2.714561951509742582e-02
-1.605619668840943190e-02
-1.286943509165731393e-02
1.435804428323131463e-03
2.718944668376694837e-02
2.919028025774396407e-02
2.100872203261281920e-02
-1.803535785571713790e-02
-1.683211048769961068e-02
6.719095976177751062e-03
-2.367564368156259338e-03
-2.858980773354299117e-03
-2.274521059051445859e-02
3.311496652508818823e-03
-1.683211048769961068e-02
1.355957881978638035e-02
4.832079422942681807e-02
4.857633958598011822e-03
1.435804428323131463e-03
4.832079422942681807e-02
-5.041892192481648750e-03
-1.521920193836601848e-02
1.733444841481030993e-02
-8.993697330217407387e-03
6.448743606849010115e-03
2.714561951509742582e-02
-1.422161381093619247e-02
-8.993697330217407387e-03
2.428905483895300518e-02
-1.683211048769961068e-02
2.521376891032668308e-02
-6.332414512404082457e-03
3.857429409041814722e-02
-1.320037305402109104e-02
1.359381964046946917e-02
2.947414612740437492e-02
-3.801344286781180304e-02
2.756052141527002078e-03
-1.521920193836601848e-02
-3.801344286781180304e-02
3.101314771848414503e-02
6.448743606849010115e-03
-3.665623603039785267e-02
2.875000000000000125e-02
-3.975397539753975328e-03
3.176878961666163709e-02
-1.521920193836601848e-02
-1.422161381093619247e-02
-9.732878658709861325e-03
2.919028025774396407e-02
-4.752646359904947118e-03
-1.364844479563249828e-03
-2.525684931506849348e-02
2.876947156592382648e-02
2.690582959641255739e-03
-1.226374260568460599e-03
1.355957881978638035e-02
2.521376891032668308e-02
3.176878961666163709e-02
-8.151970682821030323e-03
4.896042924211937986e-02
1.355957881978638035e-02
2.690582959641255739e-03
4.857633958598011822e-03
1.897832120621108579e-02
-2.017464619090635417e-02
1.359381964046946917e-02
4.832079422942681807e-02
8.977050604503005252e-03
3.176878961666163709e-02
-8.993697330217407387e-03
-3.665623603039785267e-02
1.758508299855984086e-02
-3.627830750893921291e-02
-3.627830750893921291e-02
-1.363277606371529095e-02
5.870445344129554543e-02
-1.320037305402109104e-02
-2.525684931506849348e-02
-5.199059896018802356e-03
-8.993697330217407387e-03
3.101314771848414503e-02
1.355957881978638035e-02
-2.274521059051445859e-02
-1.521920193836601848e-02
3.042397770916484626e-02
-2.017464619090635417e-02
3.142201834862385496e-02
-1.086090797190645153e-03
1.359381964046946917e-02
2.297665512924368381e-02
6.719095976177751062e-03
-1.683211048769961068e-02
1.115610911591655846e-02
3.042397770916484626e-02
-9.678162685306091959e-03
-3.975397539753975328e-03
4.538712548205280084e-02
4.857633958598011822e-03
-3.801344286781180304e-02
-2.415458937198067604e-02
-4.752646359904947118e-03
3.042397770916484626e-02
2.607339176942504930e-02
-3.841693244418672125e-03
2.690582959641255739e-03
4.896042924211937986e-02
3.857429409041814722e-02
-1.521920193836601848e-02
4.857633958598011822e-03
1.115610911591655846e-02
-1.363277606371529095e-02
1.355957881978638035e-02
-1.363277606371529095e-02
1.285426668731609080e-02
1.733444841481030993e-02
-1.715020723167071451e-02
3.857429409041814722e-02
3.142201834862385496e-02
2.428905483895300518e-02
2.607339176942504930e-02
-1.605619668840943190e-02
2.806292002067794014e-02
-1.286943509165731393e-02
2.100872203261281920e-02
3.142201834862385496e-02
-1.286943509165731393e-02
-4.117009750812567967e-03
-9.293416572077184759e-03
2.714561951509742582e-02
1.359381964046946917e-02
3.042397770916484626e-02
-4.117009750812567967e-03
2.947414612740437492e-02
2.806292002067794014e-02
4.857633958598011822e-03
-4.117009750812567967e-03
4.832079422942681807e-02
-8.151970682821030323e-03
-2.274521059051445859e-02
-3.801344286781180304e-02
2.875000000000000125e-02
1.733444841481030993e-02
5.870445344129554543e-02
1.758508299855984086e-02
-2.367564368156259338e-03
-3.841693244418672125e-03
-9.732878658709861325e-03
-1.320037305402109104e-02
3.311496652508818823e-03
2.718944668376694837e-02
-2.858980773354299117e-03
4.896042924211937986e-02
-2.274521059051445859e-02
2.100872203261281920e-02
-1.683211048769961068e-02
3.311496652508818823e-03
-3.975397539753975328e-03
-9.293416572077184759e-03
-2.415458937198067604e-02
-3.627830750893921291e-02
8.977050604503005252e-03
2.100872203261281920e-02
3.857429409041814722e-02
-5.199059896018802356e-03
2.318127608825283278e-02
2.876947156592382648e-02
-2.367564368156259338e-03
-5.041892192481648750e-03
-9.678162685306091959e-03
2.919028025774396407e-02
2.690582959641255739e-03
-1.422161381093619247e-02
8.977050604503005252e-03
-2.525684931506849348e-02
-1.683211048769961068e-02
-3.975397539753975328e-03
