6.047326906222612146e-03
4.044309750235134532e-02
1.873873873873873816e-02
3.854239663629993162e-03
-1.040999359385009516e-03
8.065857309163478733e-03
-2.085673030643349964e-03
-1.107959581634461975e-02
4.106409569719692530e-03
7.617435463393990155e-04
-6.205511954736266100e-03
2.539990305380513888e-02
-1.521266687364172636e-02
-1.695777513990164541e-03
-1.890805956038761615e-02
1.629616508723762125e-02
9.302325581395348708e-03
-5.059757480589723196e-03
2.569273938968782978e-02
-1.712693599934442257e-02
-1.121008908017215484e-02
7.895386133728102274e-03
1.192250372578241430e-02
-2.241572549357703260e-03
1.341331333833208420e-02
-1.516495211067754589e-02
-4.036640273249495273e-03
-7.121661721068248997e-03
1.628489620615604719e-02
1.954097151811226910e-02
4.280155642023346710e-03
-4.427736006683374859e-02
-7.374345041723268102e-03
-4.268563806136060207e-03
6.427251546557403864e-04
4.367254025798836259e-02
-1.216122307157748491e-03
9.952809952809952426e-03
2.973837756446452013e-02
-3.084304318026045121e-03
1.374877969410999087e-02
2.153896744491943377e-02
1.526111503175723444e-02
1.010012295801861887e-02
-6.608357628765791636e-03
8.879209247780198155e-03
-9.951148905373620197e-04
7.175986698170998095e-03
-7.264740665652981953e-03
-3.603128570173125874e-03
-3.627730294396960820e-02
-1.080691642651296878e-02
1.423234299946628777e-02
1.138154438802311272e-03
1.382968646395756410e-02
-1.482458863706923383e-02
-2.428350780847777710e-02
-4.963164017060876093e-03
-1.307189542483660170e-02
2.860390225421481289e-02
3.206315173959652792e-02
8.104097705741353588e-03
-1.047760412119095371e-03
1.901140684410646377e-03
-5.507074472591713850e-03
-2.573099415204678497e-03
-1.626949947363384025e-02
1.191676597304977634e-03
-1.514285714285714367e-02
1.371271854645183391e-02
2.161619846771251421e-02
6.636989073249696496e-03
1.843237075397173705e-03
3.392130257801899331e-04
7.797427652733119295e-03
4.016386858382199349e-04
-5.185659411011523529e-02
-6.245614035087719562e-02
9.207161125319692288e-03
1.802597861624105277e-02
6.930006930006929813e-03
-4.176411627129970015e-03
1.604181687094448361e-02
-2.988922841864018187e-02
3.384549263994842544e-02
-1.921254415438959293e-02
1.087398373983739820e-02
1.733466933867735399e-02
2.906463267763950351e-02
-1.508940252943741754e-02
-1.484586498995720850e-02
-1.130059584959934322e-03
1.451127133339417778e-02
2.401387082791504174e-02
-4.595972257040194069e-03
-5.041104389638591601e-03
1.448102176650476781e-02
2.753768844221105364e-02
5.125161847216228028e-02
4.928165720013364878e-03
-8.216857263871241851e-03
-2.265319426336375591e-02
4.009098663633779008e-02
-5.413829874497580463e-03
6.154842889536766941e-03
3.392130257801899331e-04
6.113458599298749949e-03
-2.134822234994662813e-03
-2.571935356720535942e-02
1.520611760569570182e-02
-6.829646876212650160e-03
-1.919122686771761524e-02
1.724137931034482735e-02
5.529421473962201593e-03
-1.789481909822614528e-02
-2.562870414864648356e-03
3.200000000000000067e-02
-2.373256995105734596e-02
-7.374345041723268102e-03
2.638944422231107555e-03
9.626032881846834782e-03
-2.596819121214843928e-02
-1.700087183958151615e-02
2.143431276234705751e-02
7.603874355028514449e-03
7.336159113139876023e-03
6.563525550867322852e-03
1.157280845635137549e-02
7.842145206172526986e-03
-3.091076356945722178e-02
7.038171731390246294e-03
2.267303102625298217e-02
-2.294324116085951631e-02
8.210180623973727153e-04
-1.911504424778761105e-02
-5.210487139194442188e-03
-2.704391288825419570e-02
-1.271016813450760556e-02
1.114035087719298170e-02
9.623867190632769478e-03
-3.131868131868131844e-02
-1.196278245458573357e-02
2.971768202080237592e-03
0.000000000000000000e+00
1.410758168744880373e-02
-2.437574316290130882e-02
6.223881924068640735e-04
1.034482758620689641e-02
-4.468889652801649737e-03
-5.713249297179649917e-03
1.859723698193411351e-02
8.518350702310828471e-03
7.316070694615700934e-03
8.881441139505655627e-03
2.168726957276078879e-02
-4.176411627129970015e-03
3.485904819642315910e-02
1.382872375874708362e-02
2.906463267763950351e-02
1.643030093393289467e-02
-1.715207608049588300e-02
-2.053894183371672566e-03
4.390201071209061476e-04
-6.829646876212650160e-03
-3.329896907216494534e-02
2.490900818926296625e-02
-6.410256410256410034e-03
1.801370954886019615e-02
2.617151132719561235e-02
-5.212092053564269106e-03
-1.575931232091690518e-02
2.742918608820365742e-02
4.300634855621544329e-03
-6.479063920317183756e-03
-1.858736059479553990e-02
1.771178101798014104e-02
-1.028474288142796483e-02
-1.311532744600856903e-03
1.279262031154816855e-02
1.370936153544849261e-03
5.083022704168078422e-04
-3.816793893129771104e-02
3.207190160832545239e-02
8.199091284593143514e-02
-1.119597292136781733e-02
3.206315173959652792e-02
-9.472022452201368445e-03
8.446084460844608538e-03
-2.045861392890631868e-03
-5.844102395258869362e-03
1.639088354667499279e-03
1.558352598681393870e-02
-2.904162633107454112e-03
-3.403926119330819011e-02
-7.231040564373897653e-03
-3.583748562667688625e-02
7.715801318116058231e-03
1.565874730021598119e-02
1.912212081703607144e-03
7.964453386988598962e-03
