-2.537692192864606476e-03
-6.761833208114199781e-04
-8.111332007952287010e-03
-2.576907710747103342e-02
2.932551319648093839e-03
2.606762247949091262e-03
3.765001176562867650e-03
-9.969584319026697505e-03
1.343491439338084792e-02
7.517101405697962249e-05
6.093845216331505305e-03
-4.087788641564385483e-02
5.450864351347142062e-03
-2.344849148038142975e-04
1.146701322528858626e-03
3.015908919550629413e-04
-4.689331770222743257e-04
8.903398130286392870e-04
-5.498389757285366587e-03
-1.681096074640665806e-03
-1.856579252726850860e-03
-3.097173828881145952e-04
1.336898395721925056e-03
8.809396689802455327e-03
2.316671121803439218e-02
-3.657535269090094777e-03
1.503985561738607291e-04
2.587519025875190375e-03
-4.458953738354964717e-03
1.549426712116516974e-04
-1.614086573734409280e-02
4.552006676276458270e-04
9.568614942987002095e-04
-1.384083044982698917e-03
7.667535654040790881e-05
-8.779709116708053068e-03
-3.278188610200502996e-03
-6.879248947879572709e-03
3.559269575982667699e-03
-4.109998505455088498e-03
2.502085070892410244e-03
-2.664298401420959247e-03
-2.434941409222340404e-03
3.578498553372925443e-03
-5.399151561897416653e-04
3.496243398051030078e-03
1.323884432676582928e-03
3.340006321778526965e-02
1.605136436597110741e-03
-4.478518293608623434e-03
-1.199423062324451485e-02
-7.038440714672441860e-03
6.887478718464633970e-03
-2.043074827615561345e-03
2.158828064764842149e-03
5.744520030234316274e-03
-2.078361942883534628e-03
4.466944609886837250e-04
-2.626641651031894932e-03
3.505892883783380716e-03
-6.006907944135755819e-04
1.085718624250246733e-02
2.442996742671009556e-03
9.901744230329805226e-04
-5.913223445930962732e-04
9.313154831199068695e-04
9.685230024213075523e-03
-3.078343851008157593e-04
-2.514734774066797445e-03
-5.800464037122969596e-03
-2.345032439615414804e-04
-1.089025969080801085e-02
-2.227006161383713267e-04
1.434848892476011132e-03
2.981116061956291113e-02
-4.150334332487895170e-03
-1.105868475375995381e-03
-5.331302361005331534e-04
1.409181932804271994e-03
3.397683397683397798e-03
-5.165670430226551244e-03
1.671285798269925293e-02
-6.763865925146550278e-04
2.848770958814911183e-03
-6.311700922479365414e-03
-1.705050505050505205e-02
-6.762849413886384614e-04
6.159531875577456232e-04
4.729782119872838302e-03
-1.032887126094860289e-02
-5.930832627281830242e-03
9.578544061302681281e-03
-3.224815724815724600e-03
1.013171225937183452e-03
-1.077271990928235952e-02
4.513618677042801654e-03
1.199139927224611261e-02
1.601830663615560557e-03
-6.076810889645113851e-03
-7.751337105650724459e-05
-5.253540429419826206e-03
2.103839507100458122e-03
-1.139731023478459011e-02
-1.441537640149492816e-02
-1.230348598769651428e-02
3.317389291775960612e-03
-1.016180723833346334e-03
-3.433476394849785396e-02
-3.588248486207670090e-03
-1.651357209206316548e-03
-1.691917249865415715e-03
3.703983672235240665e-03
2.450980392156862711e-03
7.564868749527195230e-05
-1.179865885748238724e-02
1.708512850987966214e-03
-1.549426712116516974e-04
6.549545384496840983e-03
-3.031647441585329662e-03
1.231337540403263037e-03
-1.094006407751816918e-03
7.531337408059671223e-02
-3.128491620111731666e-03
4.623724489795918297e-03
-4.506872981296477219e-04
5.744520030234316274e-03
-1.772537696503047669e-02
-2.634637737311119714e-03
-3.732764531119067523e-03
-4.952380952380952030e-03
-9.873745548721269555e-03
-4.564473183720045568e-04
-3.684487555455297388e-03
1.361779391738538337e-03
-2.500886839304717821e-02
-1.222428913101249008e-02
-1.006971340046475521e-03
4.517732098486559617e-04
-2.390247789020795064e-04
-1.927651546222623399e-02
-2.634637737311119714e-03
-9.374267635340988950e-04
1.449164823430707048e-03
-2.385349338257925726e-03
-3.140950137416568676e-04
-2.766401360018545807e-02
9.159482758620688878e-03
-3.414195867026055629e-03
-4.157514904298713343e-03
-2.195639006662628880e-03
9.061964241978937365e-03
3.627748574813060081e-03
1.231906375115491246e-03
-2.060094462868053422e-02
-1.625638643752902977e-03
4.512974802557352173e-04
-1.344086021505376451e-03
2.084108671380722165e-03
3.829363559776365359e-04
-1.463039014373716633e-02
2.345765892563922005e-04
0.000000000000000000e+00
8.020359373795018718e-03
-1.236963376182391439e-02
-6.879156156844760473e-04
-3.466071015943926557e-03
4.948581148998685425e-03
-2.993339818902941035e-04
6.350420811017597547e-03
4.006059585928294781e-02
-1.179523472517103166e-03
2.122176747006215055e-03
2.122176747006215055e-03
-2.816686967113276284e-03
-1.549306685258346888e-03
-2.943481668553513814e-02
-4.216821283447060031e-03
3.076923076923077029e-04
-2.312742464935839837e-03
-3.717472118959107633e-03
-1.294910179640718605e-02
2.844420210832424717e-02
-1.406689590497030426e-03
-3.411276444984310402e-02
-3.657535269090094777e-03
-1.386321626617375213e-03
-2.221693247639450891e-03
-3.219979580617293811e-03
7.399733609590054405e-05
1.173708920187793454e-03
-1.073422069557750103e-02
6.410653453081449626e-02
-1.328540168802750873e-03
7.778205621871390162e-03
4.994797086368366057e-03
-3.150937596065170668e-03
7.857928650007858437e-04
2.059810802563320081e-03
2.198802031996360557e-03
-5.405405405405405705e-02
