5.495017230138772232e-03
-5.288893324019558820e-03
1.266950410769078494e-02
-9.000090000900008507e-05
-4.093514054398253617e-03
-1.649408961788692302e-03
-2.254689754689754525e-03
4.583033788641265385e-03
1.437943740451154938e-03
5.807200929152148659e-04
7.546030787805614592e-03
6.724758476984277547e-03
-6.637587710980466038e-04
3.370377117872107829e-03
-3.048780487804878155e-03
-4.746535029428517100e-04
-3.735487127713276161e-03
6.338839800230503148e-03
3.707136237256719135e-04
-1.801152737752161320e-03
3.675759334494099317e-03
-6.274088016491888515e-04
1.077682981589582348e-03
-4.573728503476033646e-04
1.975397324234533583e-03
1.867662753468516497e-03
4.562220927975150359e-03
-4.382906664010359499e-03
-3.587009209888511897e-03
-8.879576972962186648e-03
1.666666666666666774e-03
-4.070924552198299309e-03
-3.996802557953636997e-04
-3.884213446777027776e-03
-1.323877068557919538e-03
-1.775410563692853948e-03
-2.249086308687095817e-03
4.815892445068727101e-03
-1.487956849251371614e-03
1.463129145532578905e-03
-3.001637256685464692e-03
2.466559149985770010e-03
-2.048035747533047748e-03
1.944976317645873143e-02
-4.142250959789856198e-03
1.476287137848311497e-03
-1.225143718782395735e-03
-9.473285335354300770e-05
-7.115538557324557842e-04
-3.152398778445473278e-03
-2.532357906584130521e-03
2.284626368396001743e-03
-3.017325287132567677e-03
-2.832715286361763354e-02
-1.994198694706308950e-03
2.700513097488522660e-04
-3.464940275371569418e-03
6.411430664956951561e-03
-9.422406482615660684e-05
-3.017325287132567677e-03
4.475875033569062821e-04
-9.083568833266048156e-04
-3.073585246790815420e-03
3.676470588235294067e-03
-1.174239002800108334e-03
-2.501786990707648498e-03
-3.920818590417901595e-03
9.541427319637814375e-03
3.788955195604811962e-04
2.614732666125687416e-03
1.843407393033860480e-03
-8.177050928806328667e-03
3.250857865270001708e-03
1.435879027191959119e-03
6.302314130969965608e-03
5.212546059135436324e-03
3.329528158295281398e-03
-2.433090024330900308e-03
-1.463706063925122002e-02
-9.175995595522113768e-05
-1.172546244819569310e-02
2.138540213854021269e-03
5.459508644222020200e-04
7.785385986305224694e-03
-4.733503739467954442e-04
-6.465318186016440379e-04
9.467007478935908613e-05
-1.084010840108401083e-03
0.000000000000000000e+00
2.846840007591573316e-04
2.735625064519459082e-02
2.334141305323637547e-03
3.590019745108598260e-04
8.073196986006458921e-04
3.136762860727729078e-03
-2.430488041998833323e-02
7.270744342452058456e-04
2.789776817854571715e-03
-5.727923627684964117e-03
3.186743148502230605e-03
-2.436172286104073496e-03
0.000000000000000000e+00
-1.277475108021792170e-02
-4.203559610052767792e-03
1.026119402985074640e-02
-4.289160932892503025e-03
-1.849625450846203664e-04
2.850356294536817315e-03
-1.543209876543209791e-03
8.706349957414592430e-03
-1.848258016819147884e-04
-3.464940275371569418e-03
7.296429613775658879e-03
3.686396677050882836e-02
-9.395847035610260160e-05
3.482085585998350753e-03
3.518373729476153081e-03
-2.509860164933667894e-03
-7.156673114119922394e-03
7.919585744745659059e-03
-7.057379564283522595e-03
-2.206023403030884372e-03
3.592276605298607827e-04
-2.684323550465282909e-03
-4.960044089280793954e-03
2.144772117962466702e-03
-5.688821465819664464e-04
8.917424647761727091e-05
2.588039560033274841e-03
4.023041053305293976e-03
-2.849544072948328121e-04
8.192990441511151245e-03
-1.891252955082742227e-03
-2.214839424141749630e-03
1.796945193171608363e-03
-7.382798080472498768e-04
-2.725051682014658760e-03
1.525895341531280890e-03
1.072727272727272765e-02
6.879471656576774570e-03
3.799753016053956673e-03
-9.000090000900008507e-05
-2.626811594202898420e-03
9.460737937559129604e-05
-4.445629945763314656e-04
-2.018163471241170553e-04
-2.849544072948328121e-04
2.588039560033274841e-03
6.633832545984520712e-03
-6.290507052992756754e-03
7.396753647010478883e-03
4.039497307001795046e-03
-1.946850968558356859e-04
-5.397139516056490309e-04
-6.449854651162790879e-03
2.681204754669765013e-03
3.509770442041358542e-03
4.450378282153982963e-04
-1.592953523238380825e-03
4.786485218207413989e-03
3.315916398713826194e-03
7.768042633908409447e-03
-1.368113827070412169e-03
-1.422330590267195010e-03
-6.592747977225052111e-03
-1.097147416716537068e-03
4.152249134948097185e-03
3.596101069366896760e-03
2.619911326078194335e-03
4.571121269158376181e-03
8.315450643776823789e-03
-9.244707405010631543e-05
-4.000363669424493104e-03
5.088578967206935921e-03
-2.701729106628242196e-03
-2.967892796114758504e-03
8.035714285714285572e-04
-1.866998577524893281e-03
3.226673837052971422e-03
-2.436172286104073496e-03
1.574949045766166431e-03
4.450378282153982963e-04
4.662840746054519071e-03
-3.023583954847813057e-03
-3.588409437516820819e-04
-3.313927451858486323e-03
5.442541042112776332e-03
2.145922746781115872e-03
2.373042240151874635e-03
1.794526693584567014e-03
1.195888515516900508e-02
-2.349624060150375809e-03
2.182163187855787334e-03
1.164978940765301488e-03
-9.578544061302681498e-04
1.107704480269013948e-02
1.816365452729089150e-03
4.686373467916365998e-03
-2.395687762028348919e-03
-2.702215816969915328e-04
