-4.436892287359576678e-03
-1.155433287482806118e-02
4.931748128577719339e-03
7.425964033282633769e-03
9.971777986829726687e-03
-9.924428662478375004e-03
1.116279069767441793e-03
3.770010419626788206e-02
1.617593602326426738e-02
1.233262861169837944e-02
2.662229617304492577e-02
7.869692532942899194e-03
7.110778443113772128e-03
-4.436892287359576678e-03
3.770010419626788206e-02
1.655172413793103495e-02
6.500045774970246264e-03
-6.456968914306798236e-03
-6.518297793090604628e-04
-6.155825064314590297e-03
2.825438269302498959e-02
3.317195624887932411e-03
2.979515828677839744e-03
1.460057658327908528e-02
6.520119225037258361e-04
2.520190717135350686e-02
-4.927667269439421627e-02
3.439940498326515307e-03
-3.591035910359103439e-02
7.555514604256887735e-03
-7.131754594495748334e-03
-1.760873393203028769e-04
2.292395507273061947e-02
6.520119225037258361e-04
-2.018795683954055162e-02
9.971777986829726687e-03
5.191377034755828915e-03
9.773707845381703410e-03
-3.240577668193025951e-02
2.368045649072753056e-02
1.434537860904303540e-02
-2.018795683954055162e-02
-4.927667269439421627e-02
2.596568492522249860e-02
4.560901448756930938e-03
-1.904416432393216639e-03
2.012672381662318141e-02
-3.096955833186697260e-02
3.378503805457583331e-02
-3.677396151771264443e-02
-4.436892287359576678e-03
-3.153696317595770533e-03
1.800221565731166887e-02
1.352578068264342730e-02
9.365926758452748635e-03
2.744360902255639154e-02
-2.601505156554863741e-03
2.419127988748242045e-02
-6.413994169096209896e-02
-5.964355037938944698e-02
1.377485860244480852e-02
2.744360902255639154e-02
-1.522751701898960967e-02
2.825438269302498959e-02
3.674289541670653497e-02
-4.924006754955115306e-02
1.116279069767441793e-03
-9.367042560931248402e-03
1.339695356946228599e-02
-6.380183899418277044e-03
2.979515828677839744e-03
-5.964355037938944698e-02
-6.518297793090604628e-04
-4.956402019274897160e-03
1.136777009821753406e-02
-4.956402019274897160e-03
-1.904416432393216639e-03
-3.536528617961842876e-03
-7.129147244310391970e-03
1.528996652492536044e-02
-3.893214682981089962e-03
1.655172413793103495e-02
1.073537305421363389e-03
9.311853990129435182e-04
1.116279069767441793e-03
3.379444805496240045e-02
1.136777009821753406e-02
9.104422147900408102e-03
1.367187500000000000e-02
-3.893214682981089962e-03
-8.115737473535639124e-02
-1.149425287356321823e-02
9.976470588235294978e-03
1.555659059152305485e-02
-4.436892287359576678e-03
1.216696269982238052e-02
-5.310857350009062783e-02
1.216696269982238052e-02
6.500045774970246264e-03
-1.522751701898960967e-02
2.596568492522249860e-02
-2.448943506321280342e-02
1.460057658327908528e-02
8.837078123531070736e-03
-5.300291030955110727e-02
-2.018795683954055162e-02
2.666911899944822417e-02
1.746194789429451888e-02
1.800221565731166887e-02
4.320987654320987414e-02
1.073537305421363389e-03
1.858390633711206122e-02
1.501501501501501488e-02
-6.413994169096209896e-02
0.000000000000000000e+00
-9.924428662478375004e-03
5.191377034755828915e-03
-7.129147244310391970e-03
-9.013980868285503822e-03
1.136777009821753406e-02
-2.448943506321280342e-02
2.596568492522249860e-02
-9.101362108614895197e-02
9.976470588235294978e-03
-4.927667269439421627e-02
3.317195624887932411e-03
4.320987654320987414e-02
1.434537860904303540e-02
1.592128801431126964e-02
2.292395507273061947e-02
1.281823037208474313e-02
-5.964355037938944698e-02
-8.734419070148302308e-03
-9.721969834635652702e-03
-3.246753246753246967e-03
-3.240577668193025951e-02
3.786591123701605471e-02
1.577081000373273603e-02
1.073537305421363389e-03
-3.536528617961842876e-03
-1.522751701898960967e-02
2.979515828677839744e-03
-3.753957485300769142e-02
1.477606461086637332e-02
2.596568492522249860e-02
2.979515828677839744e-03
3.022598870056497286e-02
-1.890756302521008278e-02
-1.338099165979286971e-02
1.372304402067367653e-02
2.979515828677839744e-03
2.013173763799981295e-02
2.361616727340614189e-02
-6.518297793090604628e-04
3.707566849990517888e-02
2.744360902255639154e-02
1.736370425690814123e-02
4.294185156847742796e-02
-4.924006754955115306e-02
2.666911899944822417e-02
-4.924006754955115306e-02
1.868392271235872967e-02
-6.456968914306798236e-03
9.971777986829726687e-03
1.044480461012065563e-02
-5.559502664298401203e-02
3.378503805457583331e-02
2.368045649072753056e-02
7.425964033282633769e-03
-7.163703900238789501e-02
-8.790436005625878665e-04
-3.536528617961842876e-03
2.915177731803648628e-03
-1.484528706850295199e-02
7.555514604256887735e-03
3.674289541670653497e-02
1.434537860904303540e-02
-4.578270822327874801e-03
2.915177731803648628e-03
2.882380288238028856e-03
1.692139737991266504e-02
-4.924006754955115306e-02
-1.123797536635799676e-02
1.528996652492536044e-02
-1.149425287356321823e-02
-8.734419070148302308e-03
1.233262861169837944e-02
3.505517944913289635e-02
1.005025125628140718e-02
8.622271142909558247e-03
-7.131754594495748334e-03
2.662229617304492577e-02
1.397819401733296166e-03
-4.927667269439421627e-02
2.053521650250882818e-02
3.505517944913289635e-02
1.858390633711206122e-02
9.215302987992180991e-03
2.012672381662318141e-02
-1.098901098901098987e-02
