2.198962089893570070e-03
6.022023399862353778e-03
7.854773957060569257e-04
1.958280119199659434e-03
1.053093462044756576e-03
1.185627658611639046e-02
2.913907284768211918e-03
-2.196131430019427223e-03
2.161134163208852134e-03
-6.868131868131868668e-04
-7.960375022112152824e-03
-1.764446404940450013e-04
6.674590838438328524e-03
1.716885569576787616e-04
-2.483940042826552654e-03
1.432151808091657822e-03
-2.747488623679917360e-03
-8.676789587852494728e-05
5.212014134275618459e-03
-1.640476601623208370e-03
4.369101712687871193e-04
-1.313945339873861216e-03
-1.781261132882080468e-03
-5.584154960300148456e-03
-5.818116720372359767e-03
-4.415790868144484744e-04
-8.557146488180971192e-03
3.827507017096198113e-03
-7.062770371678290908e-04
1.006072691017855479e-02
6.085729405538895659e-03
8.640055296353897098e-05
-1.024989411266412527e-02
4.946122593181417025e-03
1.196278245458573357e-02
7.949125596184420219e-04
9.506524933022210844e-04
-6.969855375500958079e-04
-1.975775277038055184e-03
0.000000000000000000e+00
-4.737257654180190847e-03
-2.027146130794993829e-03
2.064516129032258149e-03
8.688852202624033818e-04
-5.395996518711923366e-03
-5.181794628206235279e-03
-1.975775277038055184e-03
8.035714285714284921e-03
2.468918084824971333e-03
-1.291857895631480513e-02
4.336734693877550978e-03
0.000000000000000000e+00
-6.798096532970767780e-04
-1.531002806838479115e-03
4.445219210319881556e-03
-5.246776345042241177e-03
2.308876346844535802e-03
4.078014184397162935e-03
-5.818116720372359767e-03
4.369101712687871193e-04
-9.466437177280550988e-04
1.736864958749457231e-04
2.978723404255319285e-03
1.633705932932072143e-03
2.280189711784020353e-03
7.266121707538601227e-04
9.701031837022665522e-04
5.420776681773748981e-03
6.759225429302155239e-03
4.420559937592095229e-03
2.308284175429597355e-03
4.276794115131297286e-03
-3.295588980902484574e-03
7.266121707538601227e-04
8.493290300662476814e-04
1.508697195598154026e-03
-1.791171477079796237e-02
8.704735376044568272e-05
1.155664507091577579e-02
-3.466805338880221948e-03
4.144255356670487750e-03
7.954043305346884763e-04
5.497428622096116324e-03
-1.127626858021527415e-02
-8.647526807333103145e-04
-1.730103806228373755e-03
9.742272606500752353e-04
-3.116073747078681056e-03
-6.285355122564425037e-04
-2.075765438505448781e-03
4.748748057330339813e-03
1.705871790267552432e-03
1.214539776177669820e-03
-1.585623678646934419e-03
9.453131902111493179e-03
-6.969855375500958079e-04
6.937819790130951786e-04
3.521126760563380361e-03
-7.513541848680762268e-03
3.279851077032177806e-03
-5.995717344753747485e-03
6.759225429302155239e-03
4.824138233488290718e-03
-9.589399354894952371e-04
5.691954804179763516e-03
-3.106393994304944197e-03
2.041359723085115624e-03
-7.356239346909482571e-03
4.528502930207778214e-03
2.576876825287751304e-04
-6.946253364591473654e-04
-7.155635062611806832e-03
-1.787469836446510009e-03
9.630537559096480913e-04
-1.013256776154690571e-03
-1.809954751131221686e-04
2.429501084598698415e-03
5.384615384615384394e-03
-1.174581713706270014e-02
-7.942110836569008132e-04
-1.121269622218388834e-03
-1.016088060965283663e-03
1.508697195598154026e-03
-2.253228182684808168e-03
3.713199540270533099e-03
2.228958630527817526e-03
6.406149903907751471e-03
2.599498027967013253e-03
-3.663330950679056543e-03
1.626433829823660353e-03
2.836627958514316081e-03
-2.566295979469632367e-04
4.910557699052964242e-03
6.993006993006993001e-04
8.945343948474818565e-04
1.438483668979522768e-03
1.888319395737793295e-03
2.724300762804213703e-04
-3.570806479707368166e-03
5.195255000432938376e-04
4.265908282971916411e-03
1.787949222242088279e-03
1.123401313515382059e-03
-6.255506607929515843e-03
7.001909611712285597e-03
2.598527501082719695e-04
-8.242753623188405626e-03
-3.074697051908120964e-03
2.750421435542542859e-03
6.160344979318842056e-04
1.235112483458314847e-03
1.127200208098499880e-03
-6.109438639985833447e-03
6.928806513078122550e-04
-3.259843870635669577e-03
4.271641530816842371e-03
9.506524933022210844e-04
-9.400295935242405573e-03
-8.536585365853659180e-03
1.560332871012482621e-03
2.615290733153169075e-04
-3.932433640182322020e-03
-7.765314926660914175e-04
-1.096395053065520563e-02
6.123490389522027143e-03
7.981553742461866031e-04
-3.575578796817734887e-04
-4.600811907983761752e-03
5.734571272528673179e-03
-3.096774193548387007e-03
2.064516129032258149e-03
-3.857032656209822413e-03
3.652173913043478375e-03
5.309734513274336643e-04
7.227625591148389463e-03
4.185172531602322950e-03
-1.137238135955536550e-02
4.158364376678506426e-03
-7.907916703277392129e-03
1.737921445950643077e-04
-2.659574468085106318e-03
4.088525464403164333e-03
1.461359924353133281e-03
1.238036702080955349e-02
0.000000000000000000e+00
-7.151157593635469774e-04
-5.948334466349422620e-04
-3.916211293260473368e-03
-1.725476662928133922e-03
4.317416457991538059e-03
1.753309371438590376e-03
4.548697823760257039e-03
-3.916211293260473368e-03
4.608703359035717408e-03
-1.437024513947590936e-03
7.532626784619427321e-03
-1.640476601623208370e-03
1.145475372279496041e-03
3.008204193254330073e-03
-3.458366586858207040e-03
