0.000000000000000000e+00
1.086411499247868975e-03
-4.694101079643248379e-04
-3.101391650099403780e-03
-5.192815186856218797e-03
-4.644830623848802444e-03
6.273122084606723436e-03
3.291910130853427808e-03
4.480427605722371066e-03
1.672520488375982706e-03
6.345680970889188951e-04
7.784625364904314108e-03
1.107192651521364708e-02
-6.489344656305079048e-03
9.893822393822393133e-03
1.588562351072279552e-04
3.599092402785384389e-03
9.104826363709612666e-03
-5.968169761273209133e-03
1.556264964086193081e-02
-6.636603420403301180e-03
-4.694101079643248379e-04
-3.844921499519384899e-03
-1.587805652588123264e-04
1.070594864364485255e-02
6.655020380999916718e-03
5.277707966825835942e-03
-8.104531921931855398e-03
-1.753197255865164561e-02
-1.251982305316751490e-03
-3.314202570527847221e-03
1.048920987017453420e-02
3.599092402785384389e-03
6.273122084606723436e-03
9.471825333119280113e-03
-2.739498588743151386e-03
1.073995771670190232e-02
9.146087968737007939e-03
5.171603196991066999e-03
-1.684852374839537802e-03
-1.337680795920073501e-03
-1.333333333333333289e-03
3.504300732717425919e-03
-8.129420372327452989e-04
9.553379508000954534e-03
-5.968169761273209133e-03
-3.087449933244325925e-03
1.202229299363057405e-02
1.892933618843683011e-02
6.771626883358726652e-03
7.528230865746550092e-04
9.699398797595190982e-03
1.694915254237288130e-02
5.277707966825835942e-03
-1.200000000000000025e-02
-2.429543245869776515e-03
-1.744330924495390064e-03
-1.337680795920073501e-03
1.922916144135105752e-03
0.000000000000000000e+00
-3.123417187236197760e-03
-1.981767736821244547e-02
1.694335101831251009e-02
-3.416494517718099682e-03
-2.346132791115977103e-04
7.267209710908800746e-03
8.920113672245027353e-03
1.914114513981358089e-03
-1.605136436597110741e-04
3.214638971315529007e-03
5.815402508930796709e-03
6.435974590437980314e-03
-8.108327252087894693e-05
6.655020380999916718e-03
8.362919132149902041e-03
9.991876523151909176e-03
-1.246779153852547615e-03
1.004049949375632883e-02
1.115209745217465853e-02
6.955115244642135104e-03
4.143646408839778833e-03
-8.123129542539546041e-03
7.567219449364031257e-03
1.694915254237288130e-02
1.798253125535194397e-02
-3.087449933244325925e-03
5.190021764607400355e-03
-1.124859392575928117e-03
7.782101167315175205e-03
6.017727901114092691e-03
5.309156252552478701e-03
-6.894260320624636361e-03
6.436559658862337635e-04
-1.645955065426713904e-03
5.483315055616480929e-04
3.823936213489545054e-03
2.026917463920869210e-03
3.503503503503503473e-03
7.500000000000000156e-04
-3.340757238307349736e-03
3.823936213489545054e-03
-6.234932247069582129e-03
1.622323166774821551e-03
9.785685402345329492e-03
-1.365132899702882745e-03
-9.748241078240229771e-03
-3.810128591839974464e-03
1.888745148771021898e-02
4.081306017925736239e-03
1.619336311423101582e-02
-1.871530531324345700e-02
-3.340757238307349736e-03
1.043824701195219043e-02
-7.124513296330047159e-03
-1.403061224489795915e-02
6.953066799106033882e-03
3.828608667318344951e-03
-9.937149651775098458e-03
5.349828638301429122e-03
-4.644830623848802444e-03
4.412621763383564946e-03
1.917736896910795033e-02
5.567043104819468895e-04
-2.262633034442302748e-03
8.501683501683501495e-03
7.273031265674636051e-03
7.328990228013029101e-04
3.214638971315529007e-03
-1.200000000000000025e-02
5.818302717978555104e-03
5.818786367414796124e-04
7.782101167315175205e-03
1.297564082152523508e-02
1.289845547157410406e-02
2.252252252252252233e-03
9.952261509830893221e-03
7.962567722869807671e-03
-8.358408559010363991e-05
1.672520488375982706e-03
-2.723146747352496108e-02
-9.538950715421302962e-03
-1.009006004002668475e-02
7.127983341342303443e-03
-2.565130260521041906e-03
3.126285479226655669e-03
9.104826363709612666e-03
-2.541296060991105575e-03
-5.091566067175823558e-03
7.920471995474015828e-03
3.144159723313944433e-03
-5.492219355912457066e-03
-9.748241078240229771e-03
5.349697112736999036e-03
9.785685402345329492e-03
1.731102135025966524e-03
1.998168345683123872e-03
2.221308103661044989e-03
1.646655231560891983e-02
-2.891101831031159773e-03
-4.191114836546521415e-04
-9.421265141318977202e-03
-2.565130260521041906e-03
6.273122084606723436e-03
3.924395322761492673e-03
4.617580387876752887e-03
8.235769075494550270e-03
-3.233294644337589199e-03
-1.270755676042019736e-02
9.553379508000954534e-03
-1.079365079365079451e-02
7.567219449364031257e-03
7.529754675734758561e-03
2.496878901373283423e-03
3.108312744082250903e-03
1.207528314457028719e-02
-1.251982305316751490e-03
6.953066799106033882e-03
-4.644830623848802444e-03
-8.267747833691071677e-03
3.333611134261188209e-04
1.148373138054422857e-02
-1.648305441089899931e-02
-3.626943005181346852e-02
-1.414780292942743010e-03
1.783253627299991951e-03
-1.150091014396822757e-02
-1.787019738445292912e-03
-9.421265141318977202e-03
9.778357235984355428e-04
6.142196045435422726e-03
-8.749270894092159648e-03
1.913477537437603985e-03
6.482593037214885723e-03
3.928655614048872161e-03
9.104826363709612666e-03
0.000000000000000000e+00
2.346434257940165861e-03
6.017727901114092691e-03
-1.981767736821244547e-02
0.000000000000000000e+00
