1.604060913705583624e-02
3.576218149307107733e-04
1.284139913751796910e-02
8.265213442325159560e-03
-9.673050880247630523e-04
2.632111763514881440e-03
3.635443037974683822e-02
9.538621047174702244e-03
4.591285559956788040e-03
5.229936880072136828e-03
4.429039091084151572e-03
1.162192738866604964e-02
1.321877065432914677e-03
1.162192738866604964e-02
9.925788497217069226e-03
-2.787286063569682087e-02
-2.723621044381306991e-02
-9.673050880247630523e-04
2.215452783162558809e-03
2.474168167598824603e-02
-3.486165218259914406e-02
3.709645077200722074e-03
1.776724903760734317e-02
7.118424701858186085e-03
-1.736111111111111015e-03
-5.608829383028767629e-03
4.076031713762959946e-02
1.313015142802376883e-02
3.788596325061564882e-03
7.985480943738656329e-03
1.321877065432914677e-03
2.835971091391455666e-03
3.952980339124102793e-02
7.607607607607607195e-03
1.139192035228795731e-02
1.294439380127620706e-02
9.925788497217069226e-03
1.139192035228795731e-02
-8.057870158410402814e-03
4.786091033404962086e-03
-1.713619235600215285e-02
1.931679544530296930e-02
6.989832970225127312e-03
-2.230350611116067340e-03
1.005115319034371318e-02
3.666891826691112515e-03
-1.658895265423242574e-02
4.429039091084151572e-03
1.802067946824224484e-02
4.569073642716359185e-03
-9.575666541494555831e-03
1.816318926974664835e-02
-2.478177987358282444e-02
4.142250959789856198e-03
6.091478297782022822e-02
-4.933414043583535247e-02
-4.957713619130942051e-02
9.527333271667746267e-03
2.942013855936224942e-03
1.256732495511669661e-03
3.981420039814200819e-03
1.552196408643603462e-02
7.412094368616107404e-03
-9.306107697867726375e-03
8.788972152835599141e-03
8.477633477633477951e-03
3.086419753086419582e-03
-1.090225563909774480e-02
1.848866976391391054e-02
8.036405886909372270e-03
1.848866976391391054e-02
3.594740327310566586e-03
1.697854860794157858e-02
-2.565377349110072730e-02
2.219434526681462929e-03
-2.958816473410635917e-02
1.140547822182308088e-02
1.652206018091194328e-02
-1.310710117604812000e-02
-1.109730113636363605e-02
1.237598445330878594e-02
4.824392126592049498e-04
-1.441008706094265915e-02
-4.957713619130942051e-02
-4.891355469852318519e-03
-1.803951512837644391e-02
-2.656509424748510623e-02
1.421944332392093523e-02
-2.437392467979353911e-02
-2.642007926023778094e-03
-9.837238418887498358e-04
5.494010627758263467e-03
-1.561938958707360936e-02
8.866722083679690405e-03
6.543778801843318400e-03
-1.815541031227305840e-03
4.393042854581316083e-03
3.788596325061564882e-03
9.337068160597572150e-03
2.154140737194830055e-02
3.040057224606580819e-03
-1.180994232353749056e-02
8.036405886909372270e-03
1.714664645699128312e-02
8.158618726876008462e-03
2.700513097488522769e-03
0.000000000000000000e+00
8.866722083679690405e-03
6.829618979151689390e-03
1.552196408643603462e-02
-4.891355469852318519e-03
1.647251547142337263e-02
-5.175231523515525824e-03
8.610637725356534364e-03
4.569073642716359185e-03
1.517783670110633629e-02
1.510159253157605797e-02
8.512544802867384047e-03
-1.090225563909774480e-02
4.246694334523694846e-03
-1.803951512837644391e-02
-5.370771695090926535e-03
1.256732495511669661e-03
-1.180994232353749056e-02
1.000180212650928109e-02
5.241589631182693408e-03
-5.370771695090926535e-03
9.538621047174702244e-03
9.888180389982442059e-03
-1.083288936245782250e-02
-1.427264409881061347e-02
-3.217259651778955551e-03
3.666891826691112515e-03
7.017543859649122938e-03
-3.431849115302352399e-02
1.368987861640960126e-02
7.446016381236039011e-03
2.835971091391455666e-03
-5.075665006109596374e-03
1.464701601164483322e-02
-2.230350611116067340e-03
-5.103487383045081198e-03
9.851745576279291941e-03
-1.806101441137937524e-02
-1.109730113636363605e-02
-1.528324334217992173e-02
-1.803951512837644391e-02
-2.428473109822043216e-02
1.362924762869509136e-02
-6.900935258331063540e-03
8.822692344179868668e-03
-2.447353443369379780e-02
1.652206018091194328e-02
4.569073642716359185e-03
-1.345291479820627870e-03
9.768907563025210072e-03
-8.438044574887644880e-03
-1.713619235600215285e-02
2.458344714558863796e-03
1.552196408643603462e-02
1.464492953854655902e-02
6.131097286087818649e-03
3.245313444869985658e-02
2.449091909741332035e-02
-3.837915030346304799e-03
-5.370771695090926535e-03
-1.109730113636363605e-02
5.120772946859902981e-03
-5.787595254171891196e-04
6.091478297782022822e-02
-2.819914430182808227e-02
1.421944332392093523e-02
-3.217259651778955551e-03
-6.957621758380772015e-03
-1.482051775575016911e-02
1.321877065432914677e-03
9.768907563025210072e-03
2.215452783162558809e-03
6.984866123399301359e-03
1.139192035228795731e-02
1.362924762869509136e-02
1.979841612670986406e-03
3.245313444869985658e-02
6.744895130740090512e-03
-1.256328520532533355e-02
1.221640488656195421e-02
1.464701601164483322e-02
-3.769643922816789255e-02
1.714664645699128312e-02
-2.478177987358282444e-02
6.153254494760119521e-03
2.472250252270433851e-02
2.230843840931134772e-03
6.842724259595851788e-02
1.361470388019060500e-03
4.257734885041158414e-03
-1.441008706094265915e-02
-8.589835361488905308e-03
8.036405886909372270e-03
1.413125948406676775e-02
