2.667675716583104567e-02
-3.047016274864376012e-02
1.277926720285969646e-02
1.443617214454330847e-02
2.292606573980296436e-02
1.303174159918086194e-03
2.659330582301696558e-03
6.923652694610778376e-03
-1.618517229376957925e-02
1.298821783096762265e-03
1.356714351638209533e-02
1.441337561256846381e-02
-2.169751116783662920e-02
-4.325816843074091131e-03
1.225806451612903268e-02
1.002619456237015608e-02
1.661869835669854342e-02
-1.128195796560822577e-02
-9.718087900542812449e-03
2.422018348623853137e-02
1.876700760063807925e-03
1.713804083161640790e-02
5.087922877800589092e-03
1.605279586194595506e-03
-4.092642544879546498e-03
1.449141591286690067e-02
-7.156915369475755568e-04
-8.306709265175718851e-03
6.634554212487503259e-03
2.060872054193302327e-02
-3.129683505245525743e-02
2.479976840683199846e-02
1.274001274001274010e-03
-2.538991657598839522e-03
2.548234437568256284e-03
-1.763683753258036419e-02
4.668282610647275094e-03
0.000000000000000000e+00
-8.181305247319917845e-03
-2.066309758617451090e-03
8.257638315441783242e-03
1.822987877130617142e-03
-2.794597112249650665e-04
3.387597628681660120e-03
2.568188208829318489e-02
-8.181305247319917845e-03
-2.493629413906079187e-02
2.377179080824088839e-03
-6.488165950836150865e-03
2.503912363067292701e-02
-9.381898454746136207e-03
1.785076758300607009e-03
-1.417596488019023243e-02
-1.003224650662844913e-02
7.320644216691069017e-03
-4.115226337448560021e-03
3.343051506316812443e-02
-3.075531433740388929e-03
3.078071075459378695e-03
8.257638315441783242e-03
1.429915333960489129e-02
1.245995016019935987e-02
2.667675716583104567e-02
2.205071664829106812e-02
2.907232842921328702e-03
8.374430073508886676e-04
7.119001582000351359e-03
-4.092642544879546498e-03
7.910001757778168177e-03
9.102494083378845748e-04
1.058536144033294171e-02
-2.011520526652646988e-03
1.876700760063807925e-03
-1.858217968967759877e-03
8.214319051619527537e-03
-4.356692621431219534e-03
1.296748731441458441e-02
-2.279554691641632810e-02
8.469115345668784545e-03
-8.924587237840249821e-05
1.604327954481857971e-02
-2.114858705560620014e-02
1.611974668969487490e-02
-1.763683753258036419e-02
-2.023988005997001335e-02
-1.127922971114167852e-02
1.535107639204287382e-02
1.296748731441458441e-02
2.055406613047363815e-03
-7.446709485246207289e-04
1.103282032264045996e-02
4.655326768128916805e-03
1.329342371687648565e-02
1.391612963481834303e-02
-1.868568333634229930e-02
6.427325314479846036e-04
-5.394228175851838343e-03
1.370733478576615857e-02
-2.893947414857949568e-02
2.378645053299268623e-03
2.683682086891245322e-02
-2.645454545454545628e-02
2.548234437568256284e-03
-1.221747098350641457e-02
6.694176983035304666e-03
-1.416029453412631081e-03
1.025067561271083812e-03
-7.755474452554744595e-03
5.476254600951611234e-03
1.491007361848849201e-03
2.060872054193302327e-02
8.643976229065370234e-03
-2.645454545454545628e-02
1.433062130177514826e-02
-2.101800237594809301e-03
2.907232842921328702e-03
-3.161911684535707867e-02
7.149404216315306641e-03
-2.893947414857949568e-02
9.682246281137223132e-03
9.310986964618249201e-05
2.793556197038830555e-04
-1.198871650211565630e-02
1.140108666607285957e-02
2.644163150492264552e-02
-1.221747098350641457e-02
1.661869835669854342e-02
3.387597628681660120e-03
-1.011587272392863680e-03
1.372352994637826042e-02
2.548234437568256284e-03
-4.730105731775180455e-03
1.272642823966558222e-02
-3.724741596051774073e-04
-1.967950520101209057e-03
2.468212415856394989e-02
8.161784710256643049e-04
-2.152751778360164573e-03
-1.064781675017895460e-02
1.002619456237015608e-02
1.329342371687648565e-02
1.272642823966558222e-02
5.658775818164670131e-03
1.611974668969487490e-02
1.057023643949930522e-02
-4.674644727000747840e-04
1.525567379225915843e-02
2.823829477136090543e-03
6.871881765979478453e-03
2.180165135912422170e-02
-7.755474452554744595e-03
9.196428571428570675e-03
-2.763308907919131280e-02
7.149404216315306641e-03
2.400153609831029086e-02
-4.266369875718790776e-03
-1.300618024167512175e-02
-1.464262835178914554e-03
1.370733478576615857e-02
3.138268414251430515e-03
2.098360655737704916e-02
-6.700758243695996777e-03
-1.248746695834472738e-02
1.441337561256846381e-02
-6.843836103457470732e-02
9.095870474804439241e-05
-1.858217968967759877e-03
1.059322033898305038e-02
-3.715745471435206526e-04
8.284464302336404240e-03
7.149404216315306641e-03
-1.352221506761107535e-02
-2.807510089489384259e-03
2.357848916296363499e-03
7.910001757778168177e-03
1.661869835669854342e-02
1.532008024803939439e-02
5.368300624834990500e-03
1.029252437703141905e-02
4.920379316514581804e-03
1.652125487284202693e-02
2.806098587597044298e-03
-4.638218923933209829e-03
3.658655249586455216e-02
-1.763683753258036419e-02
-3.075531433740388929e-03
1.521089958939902953e-02
1.982560807709958864e-02
-9.381898454746136207e-03
-3.229419451185364803e-02
-8.884501480750246413e-03
-1.583813970520919073e-02
9.289363678588017509e-03
1.356714351638209533e-02
1.491007361848849201e-03
1.148443432042520890e-02
1.687841973476768981e-02
-2.361921867983834619e-02
-3.129683505245525743e-02
-4.674644727000747840e-04
