2.155051777218024156e-02
2.432099933756032978e-02
2.832084779828247887e-03
2.098164106406893992e-02
2.046434798568413233e-02
3.108759331002551238e-02
2.155051777218024156e-02
2.447980416156670877e-02
2.432099933756032978e-02
1.772884202668657122e-02
2.489397012723584737e-03
1.597796143250688680e-02
1.867239286714592527e-04
9.626845145319518765e-03
2.832084779828247887e-03
5.702198105398693581e-03
3.025432542308783071e-02
2.489397012723584737e-03
2.432099933756032978e-02
3.497433947918646840e-02
1.867239286714592527e-04
1.597796143250688680e-02
2.046434798568413233e-02
1.605866518147219812e-02
3.108759331002551238e-02
2.832084779828247887e-03
1.867239286714592527e-04
3.108759331002551238e-02
1.933828246723490185e-02
3.025432542308783071e-02
3.108759331002551238e-02
4.265578635014836625e-03
1.605866518147219812e-02
2.098164106406893992e-02
2.182056564899793882e-02
9.626845145319518765e-03
4.745403792472807636e-02
1.270078446021665960e-02
1.933828246723490185e-02
1.597796143250688680e-02
2.098164106406893992e-02
1.933828246723490185e-02
9.626845145319518765e-03
1.872146118721461014e-02
5.702198105398693581e-03
1.270078446021665960e-02
4.265578635014836625e-03
1.597796143250688680e-02
1.597796143250688680e-02
1.772884202668657122e-02
9.626845145319518765e-03
2.155051777218024156e-02
3.108759331002551238e-02
1.867239286714592527e-04
2.098164106406893992e-02
2.182056564899793882e-02
2.432099933756032978e-02
1.872146118721461014e-02
2.447980416156670877e-02
2.046434798568413233e-02
2.182056564899793882e-02
2.447980416156670877e-02
2.182056564899793882e-02
1.933828246723490185e-02
5.702198105398693581e-03
1.772884202668657122e-02
4.745403792472807636e-02
5.702198105398693581e-03
2.182056564899793882e-02
4.745403792472807636e-02
2.447980416156670877e-02
2.155051777218024156e-02
3.497433947918646840e-02
2.155051777218024156e-02
2.432099933756032978e-02
2.333087421615639978e-02
2.832084779828247887e-03
4.265578635014836625e-03
2.447980416156670877e-02
1.867239286714592527e-04
3.497433947918646840e-02
2.900960827790096189e-02
2.832084779828247887e-03
1.772884202668657122e-02
1.933828246723490185e-02
3.497433947918646840e-02
3.497433947918646840e-02
1.270078446021665960e-02
3.497433947918646840e-02
2.447980416156670877e-02
2.046434798568413233e-02
1.502932551319648147e-02
2.432099933756032978e-02
1.502932551319648147e-02
2.182056564899793882e-02
1.605866518147219812e-02
1.597796143250688680e-02
2.098164106406893992e-02
2.182056564899793882e-02
2.900960827790096189e-02
1.597796143250688680e-02
2.447980416156670877e-02
2.333087421615639978e-02
3.025432542308783071e-02
2.900960827790096189e-02
2.046434798568413233e-02
1.270078446021665960e-02
2.447980416156670877e-02
3.497433947918646840e-02
1.270078446021665960e-02
9.626845145319518765e-03
2.046434798568413233e-02
9.626845145319518765e-03
3.108759331002551238e-02
2.182056564899793882e-02
1.605866518147219812e-02
2.098164106406893992e-02
1.605866518147219812e-02
5.702198105398693581e-03
2.333087421615639978e-02
2.046434798568413233e-02
2.155051777218024156e-02
1.933828246723490185e-02
1.867239286714592527e-04
2.046434798568413233e-02
2.432099933756032978e-02
2.489397012723584737e-03
1.605866518147219812e-02
9.626845145319518765e-03
2.900960827790096189e-02
2.098164106406893992e-02
4.745403792472807636e-02
1.597796143250688680e-02
2.098164106406893992e-02
2.155051777218024156e-02
1.772884202668657122e-02
2.900960827790096189e-02
2.333087421615639978e-02
2.447980416156670877e-02
2.155051777218024156e-02
2.046434798568413233e-02
2.447980416156670877e-02
1.933828246723490185e-02
2.447980416156670877e-02
1.270078446021665960e-02
2.155051777218024156e-02
4.265578635014836625e-03
1.867239286714592527e-04
2.900960827790096189e-02
1.597796143250688680e-02
1.597796143250688680e-02
9.626845145319518765e-03
1.772884202668657122e-02
1.270078446021665960e-02
2.046434798568413233e-02
1.933828246723490185e-02
2.333087421615639978e-02
3.108759331002551238e-02
2.432099933756032978e-02
2.447980416156670877e-02
3.108759331002551238e-02
1.872146118721461014e-02
1.597796143250688680e-02
3.108759331002551238e-02
4.265578635014836625e-03
2.447980416156670877e-02
2.155051777218024156e-02
1.270078446021665960e-02
1.867239286714592527e-04
3.497433947918646840e-02
2.182056564899793882e-02
3.108759331002551238e-02
2.046434798568413233e-02
1.867239286714592527e-04
2.098164106406893992e-02
2.900960827790096189e-02
2.447980416156670877e-02
2.333087421615639978e-02
2.155051777218024156e-02
2.447980416156670877e-02
2.333087421615639978e-02
9.626845145319518765e-03
2.832084779828247887e-03
2.098164106406893992e-02
2.333087421615639978e-02
2.155051777218024156e-02
1.605866518147219812e-02
1.270078446021665960e-02
1.872146118721461014e-02
5.702198105398693581e-03
1.502932551319648147e-02
1.502932551319648147e-02
1.867239286714592527e-04
9.626845145319518765e-03
3.108759331002551238e-02
4.745403792472807636e-02
1.502932551319648147e-02
9.626845145319518765e-03
1.772884202668657122e-02
1.933828246723490185e-02
