0.000000000000000000e+00
0.000000000000000000e+00
-4.195686833934715240e-04
2.403460983816695974e-04
-3.201280512204881731e-04
6.646174295920910090e-04
1.591976438748706575e-04
-4.048910842983237434e-04
1.356743814844373498e-03
-4.764930114358322953e-04
-1.663755095249979234e-04
4.947229551451187701e-04
-8.319467554076539302e-05
-4.179204279505182402e-04
2.547338031756813878e-04
-8.307027745472670387e-04
-7.832693663350826961e-05
-6.468828333468100607e-04
-8.002560819462227601e-05
0.000000000000000000e+00
2.547338031756813878e-04
-2.535282684019268123e-04
0.000000000000000000e+00
5.871005619391092990e-04
1.504262075881664801e-03
-3.287310979618672090e-04
4.199563245422475977e-04
5.888290713324360751e-04
-2.508361204013377665e-04
7.311723129417499727e-04
-4.782781984854523618e-04
8.969341161121982542e-04
-4.990850108135085322e-04
-3.180408682515703154e-04
-7.952286282306163018e-05
0.000000000000000000e+00
-7.953551260637874783e-05
0.000000000000000000e+00
3.325850170449821128e-04
0.000000000000000000e+00
1.647039446594745983e-04
0.000000000000000000e+00
-7.037847982483578721e-04
7.968762451191330448e-05
8.052826542116282762e-04
-7.929585282689714744e-05
2.498750624687656090e-04
-4.848484848484848372e-04
-3.222947385383933519e-04
5.622038390490723516e-04
2.419745120180674279e-04
-8.381527114240214672e-05
-5.581692050075751131e-04
-4.857119728001295118e-04
-2.414875633904853876e-04
-3.360497353608334179e-04
-4.771751232702401910e-04
-1.647717910693689174e-04
2.406352771316274904e-04
2.508780732563973734e-04
3.155320659462017632e-03
0.000000000000000000e+00
1.617599482368165757e-04
-1.699235344095157102e-04
1.675041876046901251e-04
8.091924259588930768e-04
-1.697937006537057411e-04
2.506056302731601501e-04
8.106355382619973720e-05
-1.422025596460736209e-03
-1.257545271629778669e-03
2.498542516865161754e-04
-3.234675723758693284e-04
1.608234158893534884e-04
-5.845023380093520432e-04
-3.915426781519185584e-04
4.155585106382978758e-04
6.945650286508073821e-04
8.424599831508002923e-04
-8.904719501335707716e-04
-4.200268817204301139e-04
-2.511931675458427705e-03
1.686909581646423679e-04
1.671262638923706821e-04
-8.512811781731505602e-05
-1.245226631246886895e-03
4.982561036372695372e-04
-1.288217107523187974e-03
5.656108597285068379e-04
8.512087163772556926e-04
1.421880227500836461e-03
-7.417786202917662055e-04
6.416426050689765783e-04
-2.737680438028870268e-03
5.863137616215763348e-04
-7.963685593692761209e-05
1.400675620004943533e-03
8.376612497905847163e-05
-8.320159747067143972e-05
-3.994248282473238641e-04
3.213109486705759588e-04
-8.110957904128478159e-05
-8.888170652876535094e-04
-3.342761635381846178e-03
0.000000000000000000e+00
1.702417432754511385e-03
-7.951653944020356827e-05
-2.510880482089052437e-04
-3.055890631282669710e-03
-5.828961612124240093e-04
5.130836326321190069e-04
-7.998720204767236712e-05
-2.385306511886777501e-04
-3.449762828805519755e-04
-2.438033319788703750e-04
3.366153328284103552e-04
2.405195221678826283e-04
-8.511362669163333053e-05
-8.017317405596088061e-05
-1.200384122919334086e-03
3.988513082322910162e-04
1.590583744234133970e-04
-4.719207173194903408e-04
-1.623376623376623375e-04
-2.490866821653935428e-04
4.182700351346829693e-04
5.765112831493988217e-04
-8.108984755108660078e-05
3.195909236177692562e-04
4.015741707493373862e-04
-1.648532805802835506e-04
3.944461975386557456e-04
-1.671262638923706821e-04
0.000000000000000000e+00
0.000000000000000000e+00
-8.017317405596088061e-05
7.045009784735811785e-04
2.504382669671925644e-04
-1.182778741523419054e-03
3.302509907529722617e-04
-8.000640051204096462e-05
-1.682935038707505937e-04
0.000000000000000000e+00
-8.091924259588930226e-05
4.201680672268907814e-04
2.347417840375586799e-04
-8.565310492505353744e-05
-1.653165812530996755e-04
-2.499166944351882648e-04
-2.416042522348393461e-03
2.506684491978609887e-04
4.218697266284171673e-04
0.000000000000000000e+00
-8.118860112040269085e-05
3.237031641984300270e-04
0.000000000000000000e+00
-9.438009438009438206e-04
0.000000000000000000e+00
-4.946006100074190224e-04
-2.492315360970341555e-04
3.143171460003143158e-04
7.793017456359102048e-05
-1.663201663201663186e-04
-3.217762046496661543e-04
6.919218128351496298e-04
-8.302889405513118998e-05
0.000000000000000000e+00
7.820442637053257463e-05
-8.361903169161301135e-05
-2.349440050121387675e-04
-3.234937323089365278e-04
-8.143322475570032937e-05
-1.670285618840821771e-04
-2.101370093300832312e-03
-8.875978374889050004e-04
-4.201327619527770590e-04
8.016032064128255957e-05
-2.338269680436477044e-04
-8.074935400516796205e-05
4.157312713062276681e-04
5.856760374832664174e-04
-5.036091992613731579e-04
-7.927070947284977763e-05
8.411136344520144664e-05
6.342662332514073130e-04
-7.224273559158773776e-04
1.684494230607260043e-04
2.510460251046025279e-04
-1.679402132840708735e-04
1.676305422848042934e-04
7.949125596184420219e-04
-8.382229673093042829e-04
1.206688501982416820e-03
2.501876407305479049e-04
-1.585037248375336869e-04
-8.341675008341675388e-05
3.297881111385934667e-04
3.235722375020223330e-04
-8.476731372382809474e-05
0.000000000000000000e+00
