4.741929600583622527e-03
1.303441084462982199e-03
2.878325337985172122e-03
3.116073747078681056e-03
1.729654933840698737e-03
-2.424872261193383553e-03
2.392556490917146454e-03
-4.458431681091004455e-03
-9.609504673713636360e-04
9.550269143948602723e-04
9.244992295839754223e-03
-9.819675058025353117e-04
-6.185207770711734741e-03
2.927348531890357469e-03
7.882384199805154285e-03
1.981562850004307905e-03
-9.792677547419496517e-03
5.647783672770837274e-03
1.485494582313876336e-03
4.565816678152997618e-03
5.081669691470054422e-03
8.363733428240946108e-03
-8.831581736288968945e-05
-2.541942043721402960e-03
4.946559491211023792e-03
-1.260945709281961410e-02
1.884253028263795397e-03
-9.522985022941736705e-04
-2.961672473867596033e-03
6.284790806248877724e-04
-4.546234345513809963e-03
3.766313392309713660e-03
2.545608824777259062e-03
1.609442060085836904e-03
3.186358939028591242e-03
1.125054089138900803e-03
-3.605150214592274614e-03
-3.774247344860879542e-03
4.923462536925968941e-03
-1.737619461337966886e-03
-1.726519337016574514e-04
-1.162894713301726533e-03
3.565062388591800149e-03
1.544931765513689803e-03
-1.713136963552137210e-02
-1.949978804578211128e-03
1.198527523328482124e-03
1.038588951562360169e-02
4.062168844931119543e-03
4.965859714463066385e-03
6.333989557476675872e-03
-3.341540626099191204e-03
-1.717180389799948350e-04
8.512087163772556384e-05
7.755277897457992778e-04
2.866574009728978245e-03
-8.775104034738556366e-03
7.444168734491315130e-03
-1.267534223424032422e-02
4.671661524900837768e-03
-1.430231518727093955e-03
-5.676360143218932459e-03
-3.935951337328920038e-03
-1.317567567567567641e-02
2.045353490440195588e-03
1.781578478531979366e-04
4.500995412446983507e-03
-3.623813632441760021e-03
-1.102249305493323804e-02
-3.799982727351239493e-03
4.946559491211023792e-03
2.549502846944845568e-04
-3.266531296901209382e-03
7.684337765498186826e-03
-1.733853489380147344e-03
-2.724300762804213703e-04
5.726495726495726274e-03
6.650874635568512945e-03
1.054268924991358380e-02
-1.294665976178146095e-03
-9.337713989278920157e-03
2.250692520775623463e-03
5.028228652081863370e-03
4.868295227332000361e-03
1.485494582313876336e-03
-6.907269901571404290e-04
3.267108167770419423e-03
-3.089785532533624243e-03
-1.863354037267080706e-03
-1.151767520155931503e-03
3.238228601435323099e-03
2.082610204790003462e-03
-1.552953156822810613e-02
2.954209748892171541e-03
1.235003528581510301e-03
1.098706361864256603e-02
1.976639712488769025e-03
1.038588951562360169e-02
8.949140528087895854e-03
-8.646779074794639502e-03
-1.703142297538959445e-04
7.755277897457992778e-04
-1.822125813449023812e-03
8.949140528087895854e-03
-2.731999647483916455e-03
8.755364806866953314e-03
1.210025929127052629e-03
-3.431414600669125802e-03
8.562853107344631926e-03
-5.676360143218932459e-03
2.490766984454178493e-03
-4.787234042553191460e-03
5.527724995681464713e-03
4.662407183560697381e-03
-1.295336787564766888e-03
-6.346483704974270786e-03
2.823315118397085825e-03
2.043536206130608553e-03
-7.351606462152840415e-03
-5.047048759623609833e-03
3.262211250220419575e-03
-2.293780326422584746e-03
9.366439869223293010e-03
-3.419387929560608577e-04
8.591803419537761373e-04
3.298858773181169695e-03
-6.330258636281424749e-04
2.514305531472169324e-03
-1.730552911655273843e-03
8.948347656596083652e-03
1.706024961838915367e-03
-5.183585313174945714e-04
-1.400512382578992382e-02
7.460035523978685371e-03
-2.825607064017660042e-03
-1.503626393065628968e-03
-1.323334803705337537e-03
9.305654974946312927e-03
7.951934970842905329e-04
4.861233869542160024e-03
3.267108167770419423e-03
9.760425909494232838e-04
-4.458431681091004455e-03
4.416570974295557189e-04
2.074868159419037111e-03
2.564556066501591947e-03
4.296270836913558999e-04
1.253064560065377323e-02
8.643042350907520141e-03
4.573438874230431085e-03
4.483902788987534924e-04
-2.673796791443850112e-03
-6.624825662482566185e-03
1.609442060085836904e-03
7.684337765498186826e-03
-5.057226510513707432e-03
-4.838709677419355051e-03
-2.240143369175627130e-03
-1.966316149440027264e-03
1.821335646140502963e-03
-6.733145828006477027e-03
-8.898380494749954985e-04
-5.047048759623609833e-03
-3.302981610426709586e-03
-1.319736052789442088e-02
5.111032781106803098e-03
-7.950530035335689376e-04
-1.222744762719110700e-02
-9.337713989278920157e-03
-4.264972776769510379e-03
-1.046324450008942995e-02
-9.578544061302681281e-03
-1.048980627696472455e-02
-1.596877217885024928e-03
3.201707577374599770e-03
1.901962479467450432e-03
-4.564206091459668303e-03
1.767408978437610490e-03
1.046025104602510370e-03
9.809073392888421200e-03
1.291059195503249657e-02
-1.867413632119514560e-03
3.829370380265384195e-03
-9.011396766498806776e-03
4.023605150214592044e-03
-1.283806915439917847e-03
-1.596877217885024928e-03
-3.796703770817154260e-03
2.121640735502121605e-03
-1.802884615384615485e-03
2.425292334343871932e-03
5.102474700229611346e-03
-6.247211066488174468e-04
6.973500697350069498e-04
6.429719592784426119e-03
-8.551393877201983809e-04
8.802816901408451120e-03
1.538993601936711024e-02
1.088646967340591021e-02
-1.045950295011621733e-02
