-9.471327707938694300e-04
-5.975755506231859729e-04
4.161248374512353625e-03
2.077274615704196008e-03
8.266512358435975510e-05
1.741149158444573429e-03
-4.111349036402569580e-03
-3.887762001352264990e-03
5.701349878427098075e-03
-1.674901599531027486e-04
8.292561572269674516e-04
2.183039462636439908e-03
1.677008217340264940e-03
3.503211277003920234e-03
1.968335472828412584e-03
3.708386009270965220e-03
3.430675257300644116e-03
6.830831506156181086e-03
-4.194630872483221386e-04
1.205842391304347803e-02
2.210320496471988513e-03
-3.285491959190731375e-03
-1.113681144521545385e-03
-1.364245061935051920e-02
-2.302194148936170109e-02
-9.236914371307315338e-03
3.818378019423922850e-03
2.187609380469023555e-03
3.556557945870922940e-03
-4.118757508151707145e-03
-3.305238803503553245e-04
-4.353650368385800738e-03
-3.245132301547678285e-03
1.008082037020943851e-02
-2.554060956921505067e-03
1.576166969775699353e-02
1.449769742452669367e-02
-2.296201451131028512e-02
-8.737699355276552782e-03
-3.178852267023590545e-03
-5.877483443708609104e-03
-7.298664676121754784e-03
8.628127696289904940e-05
1.428695125119057961e-02
-1.600673967986520740e-03
1.070441988950276285e-02
-6.850488097276931365e-03
-7.394668959587274298e-03
5.056890012642225457e-03
6.668333750104192331e-04
-2.901023890784983073e-03
2.166125135382820921e-03
1.352648573173924340e-02
-1.157790274561693597e-03
1.177163037080635605e-03
-1.332556008994753008e-03
7.748600947051226956e-03
3.032600454890068201e-03
4.177458434288578402e-03
2.880379532361911250e-03
1.905949412183826144e-02
6.864222333835593402e-03
-2.157598499061913824e-02
-6.993589209890933335e-03
2.200778737091586140e-03
3.336259877085162584e-03
-7.496251874062968270e-04
-2.316403568977350776e-03
-7.741269568209185924e-04
1.550387596899224785e-03
-8.606592649969877602e-05
-2.802101576182136709e-03
7.540846250523669872e-04
-5.152497299094158101e-03
-4.674067273182538722e-03
1.668195846192343059e-04
1.299811869334701643e-02
3.850761595071025296e-03
-3.334444814938312572e-04
1.250833889259506332e-03
-1.676867611302087797e-04
4.803235864161118848e-03
1.352648573173924340e-02
-1.717327837884252044e-03
2.906976744186046471e-03
-1.539362503137287758e-02
2.937966926886594575e-03
5.328907137241198355e-03
1.965308040673331702e-03
1.688621695694456776e-02
4.389044943820224597e-04
-1.710717646052519044e-03
2.775908479138627320e-03
1.658787426391308004e-03
-2.610738839091463013e-04
9.233610341643582950e-03
9.467758444216991046e-03
-1.135767953870347709e-03
-5.001293437958092940e-03
9.963467286615741714e-04
6.237183868762816337e-03
-1.693623507494284122e-04
8.108584523179975315e-03
-1.620192717660100517e-03
5.195240489358136753e-03
-1.247608749896032517e-03
-6.729939603106125691e-03
-1.003998978984089151e-02
-2.503128911138923721e-03
1.467921595717122836e-03
-8.767315448009820023e-05
-3.342713396435575968e-02
-1.333112527945681802e-02
-1.014468651255612773e-02
4.494756117862493995e-03
7.165135294613504159e-03
8.131444379243860099e-03
0.000000000000000000e+00
-1.298811544991511011e-02
-5.370569280343716508e-03
-4.157283907846873530e-03
-4.881808838643371395e-03
9.347412151635797056e-03
-4.271313856142149577e-04
2.741319156005981011e-03
-1.821809664266504621e-03
-1.050715644907752183e-02
3.986767325472898200e-03
1.658374792703150953e-03
-4.723462727585022065e-03
2.156960345113655402e-03
1.021936393269315402e-02
1.744620752679238926e-03
2.302182810368349087e-03
1.547505835566698358e-02
1.665695011243441314e-03
3.131251630860224563e-03
-1.835253947930004167e-02
-1.708525542456859777e-04
-9.849211191493071477e-03
1.842083228669513448e-03
-9.951073886723608552e-04
2.170102662549036176e-03
1.252714214130616274e-03
2.242152466367712971e-03
-6.850488097276931365e-03
-1.963294921041399809e-03
8.869179600886917952e-03
4.383376886116496611e-03
0.000000000000000000e+00
8.999563128003495310e-03
-6.542611946639476268e-03
-1.001102909985577410e-02
-2.767447894145117892e-03
-6.705221691392171737e-04
-2.412617220801363885e-02
1.151260504201680711e-02
-7.110425768868328458e-03
-2.356505638781349922e-03
4.106424843870305243e-03
5.060468307745089218e-03
-4.025832424725320907e-03
2.117567338641368740e-03
8.394191219675984771e-05
5.794701986754967424e-04
-9.134369130954413801e-03
1.236673773987206904e-02
-5.708140304434149333e-03
-4.271313856142149577e-04
-5.781315458734813569e-03
-4.154894465680571483e-03
-3.822820576747278185e-03
0.000000000000000000e+00
4.453579993148338786e-03
-2.998750520616409905e-03
-1.212226166767685440e-03
6.335155775405710427e-03
1.510700797314309647e-03
1.744620752679238926e-03
-7.827448251869890917e-04
2.650478796169630606e-03
3.857032656209822413e-03
1.612474528218304365e-02
1.195355191256830627e-03
9.191944514080387920e-04
-1.356897562609933779e-02
2.778713371505557583e-03
-2.535496957403651080e-04
-1.209209872453205319e-02
-3.352048939914522891e-04
1.061841658171933447e-02
1.278118609406953031e-03
1.918745307416367665e-03
-1.584257483532060468e-03
3.839091971290268905e-03
5.539236256819135736e-03
1.084508217235338311e-03
7.443553055992060269e-04
-2.679393787155656161e-03
-1.010938017898574751e-02
