1.771861777150916806e-02
2.133876394545776434e-02
1.817709685795897102e-03
1.370932754880694118e-02
3.606795675479240737e-02
-7.463981947578545752e-03
-1.726415925306086507e-02
3.911458796337452179e-03
2.220845867987966682e-02
6.518010291595197070e-03
-8.999470619375331271e-03
1.036448436690274580e-03
2.502905157772414291e-02
-2.157404211253020204e-03
5.035159302022745344e-03
-1.154451635473150231e-02
-3.490705995287547020e-03
-1.745262230057293903e-02
-2.262799231172462136e-02
1.146573115427397885e-02
1.081363913839713913e-02
-2.714394774790058681e-03
-1.114731606928485649e-03
7.387681470664032163e-03
-1.220875247184249023e-02
-2.587928788536691255e-02
6.198530062870805189e-04
-7.540056550424127993e-03
-1.172919361793876673e-02
-1.888772298006296049e-02
3.965625279742189535e-02
6.198530062870805189e-04
1.056519498367977997e-02
1.755319148936170318e-02
4.071943759700538679e-02
3.153229930117607081e-03
1.491732566498921685e-02
1.114058355437665820e-02
6.931808335499523152e-04
-1.530343007915567315e-02
6.931808335499523152e-04
1.711010351612627257e-03
-3.529614325068870621e-03
-1.001829427650492189e-02
8.841201716738198227e-03
2.133876394545776434e-02
-9.150444065667891896e-03
-8.931698774080560135e-03
4.490719782707107421e-02
4.276428327061238314e-04
1.845116650403619274e-02
1.184582743988684544e-02
1.650048530839142227e-02
-1.836007130124777190e-02
-1.171240489014277117e-02
6.366047745358090031e-03
-6.352007057785619831e-03
1.980198019801980222e-03
-2.262799231172462136e-02
4.071943759700538679e-02
3.871876099964800984e-03
5.265883977900552917e-03
2.206547296075239695e-02
1.817709685795897102e-03
-3.444756315386578172e-02
5.673387448721305994e-03
-2.516430300933933037e-02
-8.495454931611587726e-03
-2.892706872370266399e-03
8.919293384135780489e-03
6.453926138400860671e-03
3.038985847008769670e-03
-2.499337631369778420e-02
-1.202404809619238464e-02
1.184582743988684544e-02
9.884534639608116846e-03
4.816430388949472646e-02
-3.444756315386578172e-02
-1.888772298006296049e-02
3.008519701810436625e-02
4.463504288464904823e-03
8.465060032823702035e-03
7.064702334797967088e-03
5.035159302022745344e-03
-5.483505962224737018e-03
9.905407817240764398e-03
-9.164793359847829557e-03
9.696241633773810750e-03
1.918995401485673949e-02
2.427536231884058066e-02
2.680081916125011052e-02
6.196213425129088077e-03
4.407570650764843466e-03
-1.469676848162903941e-02
-9.164793359847829557e-03
-2.137706043956043994e-02
-5.373502466525722186e-03
5.877708570927273925e-03
4.399965490466741479e-03
8.841201716738198227e-03
-2.014746227709190637e-02
2.199661590524534804e-02
5.696530295183842643e-03
4.490719782707107421e-02
-1.114731606928485649e-03
-1.164174031271244039e-02
1.036448436690274580e-03
8.635578583765111862e-04
-7.540056550424127993e-03
6.366047745358090031e-03
4.071943759700538679e-02
-1.745262230057293903e-02
-4.674883127921801960e-03
2.199661590524534804e-02
1.146573115427397885e-02
1.081363913839713913e-02
9.948910997579994350e-03
8.983329014425153747e-03
-1.055293912436769573e-02
-1.029657660829006414e-02
1.759660447431249386e-02
-1.465169327952272303e-02
-1.172919361793876673e-02
-1.836007130124777190e-02
3.965625279742189535e-02
-2.065049044914816882e-03
-1.670985613439371006e-02
3.153229930117607081e-03
-1.276708928096462366e-02
1.817709685795897102e-03
-1.055293912436769573e-02
5.035159302022745344e-03
1.313600140117348334e-03
-1.712629545055330965e-02
-1.469676848162903941e-02
8.629707112970711261e-03
-1.737619461337967103e-02
-2.910989205450362910e-02
1.184582743988684544e-02
2.523973222362945606e-02
-2.801816468168965776e-02
-7.318753228861718529e-03
1.471224578104716584e-03
-1.836007130124777190e-02
-2.910989205450362910e-02
-2.652285385907523487e-04
1.501423763914056485e-02
7.113640405477502987e-04
-1.114731606928485649e-03
-2.174836462492566597e-02
1.490947816826411129e-02
-9.340899170667830292e-03
-2.910989205450362910e-02
-1.783840503672612723e-02
-1.712629545055330965e-02
-2.863321799307958632e-02
1.116742547891074735e-03
1.650048530839142227e-02
3.153229930117607081e-03
-6.436822149722246783e-03
4.509163491199419393e-02
3.233048944768747261e-03
-1.870465868368149584e-02
3.233048944768747261e-03
5.888975491469645648e-03
3.911458796337452179e-03
1.980198019801980222e-03
-1.172919361793876673e-02
1.500488324602681361e-02
1.759660447431249386e-02
-7.463981947578545752e-03
-1.057322614470464911e-02
-1.164174031271244039e-02
7.578397212543553675e-03
1.144504630438581208e-02
-2.684089705103302054e-02
-2.652285385907523487e-04
-3.529614325068870621e-03
5.039041220265116916e-02
-1.666383268151674923e-02
-1.641358729044149756e-02
-2.383474576271186335e-02
1.854316387188359450e-02
1.184582743988684544e-02
7.578397212543553675e-03
7.064702334797967088e-03
-1.001829427650492189e-02
-1.001829427650492189e-02
1.114058355437665820e-02
1.445947095347452534e-03
1.490338792132397602e-02
7.578397212543553675e-03
-1.641358729044149756e-02
-8.158409110223505817e-03
1.252699784017278703e-02
2.206547296075239695e-02
-2.927947790810477013e-02
-1.013808774689739511e-02
-1.164174031271244039e-02
-1.370347449385553827e-02
