1.645885286783042301e-01
1.043285238623751360e-01
1.330856643356643221e-01
4.595244456318461207e-02
3.490245212099516575e-02
-2.635277582572030999e-02
3.790113524626798763e-02
6.280144694533762451e-02
1.030980192991366173e-01
3.203392889370149793e-02
-3.398141775636613626e-02
-1.699268919185931495e-02
3.959484346224678014e-02
4.822565969062784369e-02
6.401446654611211984e-02
2.767451466336224783e-02
2.944252272544445326e-02
-1.210839900057658972e-02
5.323542909591556099e-02
3.790113524626798763e-02
3.033818149370928752e-02
1.101761082675457686e-02
1.413161635588259905e-02
1.030980192991366173e-01
-5.333857030636292296e-02
3.959484346224678014e-02
1.263890067011621057e-02
1.435688405797101441e-01
7.736804049168474751e-02
-1.822558459422283367e-02
1.557342361404993707e-02
6.079228514701711522e-02
2.065941479045450835e-02
1.847473951492864183e-02
-5.333857030636292296e-02
3.225233229675699559e-02
3.161120840630472772e-02
-2.463644140290846898e-02
4.314741358374483970e-02
1.645885286783042301e-01
1.939128235393305921e-02
3.858492247371234779e-02
3.547986517651233011e-03
-1.525320317266625966e-02
-1.525320317266625966e-02
8.442254124705378393e-02
-3.455619010744361702e-02
2.232435981615233170e-02
-4.888965398519538874e-02
3.011806280620030543e-02
4.952723998199009582e-03
1.939128235393305921e-02
3.033818149370928752e-02
4.332787183688330268e-02
5.680854671867050648e-03
3.447996762444354574e-02
5.395456457719814691e-02
-2.126018002571795906e-02
-2.710239651416122136e-02
-5.956650553563074685e-02
1.116582914572864377e-01
3.011806280620030543e-02
-4.805367033309930480e-02
-2.635277582572030999e-02
5.323542909591556099e-02
1.354284226061290043e-02
-5.333857030636292296e-02
2.589711861410641525e-02
-2.097842704263631897e-02
-9.579882247280711166e-03
1.584125396031349151e-02
-3.488642530428715666e-02
-5.746859004187994391e-02
4.518322002984579561e-02
4.432289701999245907e-02
9.432234432234431684e-03
4.060691106823364344e-02
2.065941479045450835e-02
-2.126018002571795906e-02
-1.003224650662844913e-02
1.584125396031349151e-02
5.427602213890377059e-02
1.508459038253187785e-02
5.608388198000487275e-03
-2.413102186601620222e-02
1.043285238623751360e-01
1.080704547716190705e-01
-3.398141775636613626e-02
1.101761082675457686e-02
1.508459038253187785e-02
1.043285238623751360e-01
4.325767690253671388e-02
4.359807105599842331e-02
4.107542942494398636e-02
3.594003973270724211e-02
1.508459038253187785e-02
-1.175562038784966519e-02
-2.126018002571795906e-02
4.077134986225895014e-02
1.172725749706818484e-02
7.133757961783439468e-03
3.161611298346974491e-02
4.332787183688330268e-02
4.287341360234298709e-02
-1.175562038784966519e-02
-1.911442349846558669e-02
9.432234432234431684e-03
4.107542942494398636e-02
-5.956650553563074685e-02
-1.054852320675105396e-03
1.263890067011621057e-02
4.787900483264721785e-02
-3.142361111111111049e-02
-3.455619010744361702e-02
2.115434839383651192e-02
2.124855872179212679e-02
3.790113524626798763e-02
4.384236453201970779e-02
-2.413102186601620222e-02
1.413161635588259905e-02
-2.940176750509857287e-02
6.337315246001214153e-02
-5.746859004187994391e-02
-2.694207453973956196e-03
2.232435981615233170e-02
2.498350923482849442e-02
2.040648399572122032e-02
2.219251336898395849e-02
1.025955804980708576e-02
1.979619111259605865e-02
2.944252272544445326e-02
1.643213005856131517e-02
2.264246947082768080e-02
1.324275518101298427e-02
2.264246947082768080e-02
-2.921470863197257739e-02
7.422318571281098787e-02
6.225189462287982617e-02
-8.499597387492171391e-03
1.435688405797101441e-01
-1.003224650662844913e-02
-5.333857030636292296e-02
2.944252272544445326e-02
-1.478727084053960486e-02
-8.638665475126601490e-03
-1.067952803376108831e-02
-3.488642530428715666e-02
1.508459038253187785e-02
-4.031866316914407833e-02
-1.776054814280562597e-02
-4.340385812072183880e-02
3.858492247371234779e-02
3.359858532272325116e-02
-5.956650553563074685e-02
2.821569329989251015e-02
-4.340385812072183880e-02
-2.597629009762900815e-02
3.673042919144831747e-02
4.325767690253671388e-02
-1.067952803376108831e-02
5.608388198000487275e-03
7.133757961783439468e-03
-8.638665475126601490e-03
1.761464278685298188e-02
3.783878915874692300e-02
6.337315246001214153e-02
-3.297644539614560943e-02
6.599788806758183357e-03
4.060691106823364344e-02
4.952723998199009582e-03
2.879832446112226205e-02
1.643213005856131517e-02
-1.003224650662844913e-02
-4.917776037588097310e-02
2.219251336898395849e-02
1.902697495183044291e-02
-3.566134798151539276e-02
3.783878915874692300e-02
1.279003033532835967e-02
-2.097842704263631897e-02
-2.097842704263631897e-02
5.608388198000487275e-03
3.673042919144831747e-02
9.359354245427607688e-02
3.790113524626798763e-02
1.640816326530612074e-02
6.337315246001214153e-02
-1.969211533953270366e-02
-7.156488549618320386e-03
4.107542942494398636e-02
2.879832446112226205e-02
2.902979373567608767e-02
1.609442060085836818e-02
2.264246947082768080e-02
-3.550195345676915304e-02
-4.445250839154495440e-03
-1.175562038784966519e-02
2.792465300727032390e-02
-1.776054814280562597e-02
3.783878915874692300e-02
