5.614823133071308653e-04
-1.817851299763679205e-04
1.935840707964601743e-03
7.365804253751957048e-04
-3.784295175023651842e-04
-3.578457684737877784e-04
2.652989034311991744e-04
-5.671613574061820694e-04
-2.723558783477076674e-04
-1.188408446841576066e-03
1.385297377170299294e-03
-1.820996084858417566e-04
6.428505831573146870e-04
-9.270418095856123111e-05
-1.364008365917977663e-03
9.271277582050807260e-05
-3.763997365201844397e-04
6.774412077808962020e-04
2.032144836504711036e-03
1.847063169560398950e-04
-5.366246310705661150e-04
0.000000000000000000e+00
-9.291953168556030718e-05
-5.586592178770949249e-04
-1.895375284306292625e-04
1.792917974002689312e-04
2.626510243389949340e-04
-3.764351590438546886e-04
-2.803214352457484475e-04
4.608294930875576033e-04
2.528563401386027445e-03
0.000000000000000000e+00
0.000000000000000000e+00
-4.643387815750371237e-04
-1.320190107375461986e-03
-1.456266496768908675e-03
1.781261132882080468e-04
1.858908820522353394e-04
-3.795426511054179734e-04
-5.486466715435259385e-04
0.000000000000000000e+00
-4.490749056942697887e-04
9.214042200313277825e-05
7.585095287759552980e-04
8.798944126704795368e-05
-9.304056568663938043e-05
3.675457134981163212e-04
1.101422670949977122e-03
-8.905512512245079176e-05
1.402393418100224406e-03
-1.668984700973574417e-03
7.078393204742523164e-04
9.090082719752750327e-05
1.361655773420479380e-03
-1.880759826970095994e-04
2.641775272983444621e-04
1.520623455616802993e-03
-7.248346470961311745e-04
9.049773755656108430e-05
7.407407407407407040e-04
3.752697251149263429e-04
-9.289363678588016316e-05
-9.275577404693442025e-05
-6.261740763932372887e-04
1.857355126300148495e-04
9.093389106119850545e-05
3.521436746192446558e-04
2.190580503833515838e-03
9.304056568663938043e-05
1.223414266892527752e-03
3.659652333028362483e-04
-6.251116270762636625e-04
0.000000000000000000e+00
-9.270418095856123111e-05
7.513853667699821456e-04
-9.417969485778866561e-05
2.725538293813028166e-04
0.000000000000000000e+00
0.000000000000000000e+00
1.860119047619047516e-04
8.962179602079225202e-05
0.000000000000000000e+00
-1.860984460779752504e-04
9.310986964618249201e-05
4.400246413799172897e-04
1.798722906736217300e-04
-1.870732391731362956e-04
1.872659176029962621e-04
1.886792452830188694e-03
-9.291089844838799656e-05
1.443391971132160613e-03
-2.762176595156983893e-04
3.699935251133105204e-04
5.282155119288669837e-04
9.291953168556030176e-04
-6.179924075218504002e-04
0.000000000000000000e+00
4.513857542655953510e-04
8.344149823845725721e-04
4.716091303527636348e-04
4.413062665489850115e-04
3.637355642447940218e-04
-7.545746085644217723e-04
-7.355645457888929963e-04
-7.449483192103548146e-04
2.728761142441331637e-04
-2.845759817871371762e-04
5.680742283658398112e-04
-3.249767873723305271e-03
-9.123255177447312739e-05
2.791216970599181006e-04
-1.859081613682840605e-04
8.720676724513822268e-05
-7.473143390938813456e-04
9.086778736937755176e-05
4.651162790697674679e-04
9.298865538404314909e-05
2.728264823572207820e-04
5.464978595500501234e-04
5.635919594213789369e-04
8.842514811212309235e-05
3.163967988088591150e-03
-1.795332136445242489e-04
0.000000000000000000e+00
9.301460329271695848e-05
-9.800427655024947053e-04
-4.409559925919393419e-04
1.010379351520161555e-03
-2.670940170940171209e-04
8.822232024702250067e-05
2.810041213937804531e-04
7.252946509519492702e-04
-2.697356590541269785e-04
-7.479431563201196544e-04
0.000000000000000000e+00
9.246417013407304177e-04
0.000000000000000000e+00
-3.774297037176825771e-04
0.000000000000000000e+00
1.682607155508324560e-03
3.793986531347813681e-04
5.604334018307490601e-04
7.160118141949342509e-04
-9.399379640943698042e-05
2.736726874657909232e-04
5.632745024408561743e-04
-1.212799701464688934e-03
9.104980424292087831e-05
-8.915834522111269885e-05
-2.637826431020839045e-04
-1.796138302649303914e-04
2.816372512204280872e-04
-4.599816007359705571e-04
-9.119927040583675204e-05
-1.834525775087139914e-04
6.244424620874219380e-04
4.595165885488466310e-04
0.000000000000000000e+00
1.761804087385482808e-04
2.792516056967327327e-04
-4.704996706502305361e-04
-3.649302070978925096e-04
1.501642421398404533e-03
-6.491699897987572836e-04
-4.745183638606813845e-04
0.000000000000000000e+00
3.740065451145395230e-04
-1.897713255527089867e-04
-3.710919380276463228e-04
-4.501665616278022609e-04
-1.017858795225316977e-03
4.555393586005830695e-04
1.871257485029940233e-04
2.814258911819887427e-04
6.636958376789608722e-04
-6.173383896287150787e-04
-6.378132118451025363e-04
0.000000000000000000e+00
-2.751536274419884342e-04
0.000000000000000000e+00
0.000000000000000000e+00
-9.106638739641198564e-05
-7.449483192103548146e-04
9.309253397877490259e-05
1.026310878895316230e-03
-2.690582959641255739e-04
-3.743565746373420555e-04
6.426735218508996964e-04
0.000000000000000000e+00
4.593055300385816774e-04
-9.211495946941783549e-05
-1.845018450184501791e-04
-1.091802383768537789e-03
0.000000000000000000e+00
-8.348019664224097958e-04
0.000000000000000000e+00
-3.545156430027474720e-04
-2.839564600094652289e-04
3.272019808984789457e-03
8.516275548826646473e-04
