-3.205699020480854648e-03
0.000000000000000000e+00
-2.139991083370485804e-03
5.085199393344634090e-03
5.477308294209702784e-03
-5.765920826161789921e-03
4.062413442895393065e-03
1.721022287238619666e-04
-5.462034383954155088e-03
-4.296270836913558999e-04
-3.205699020480854648e-03
-7.251698182485772151e-03
-5.014326647564470302e-03
-1.050420168067226975e-02
5.522001725625539162e-03
-6.986974898645734178e-03
-8.140262993112084428e-03
-1.660669803487406634e-03
-4.433586681143684635e-03
-3.031090326491729658e-03
7.637655417406749928e-03
4.284949116229244681e-03
-7.371007371007371259e-03
6.900165953358372052e-03
-1.660669803487406634e-03
2.645969306756041544e-04
-5.042016806722689377e-03
1.089795550752049001e-02
-9.536307961504812344e-03
6.476224272533711787e-03
7.282816022195249227e-03
-5.946655006558810262e-03
-1.142908567314614848e-02
4.903271819559597115e-03
7.724137931034482860e-03
1.262783459315251246e-02
-1.323334803705337537e-03
2.055733211512105960e-02
-6.702166727873669176e-03
3.626003626003626145e-03
2.642938948110298662e-03
-7.278537191549795844e-03
-3.205699020480854648e-03
-2.026342451874366905e-03
5.894590846047156711e-03
5.367036011080332340e-03
-5.106611718330048705e-03
5.698005698005698290e-03
6.925083190934436944e-03
3.995028409090909012e-03
-7.783802693720482356e-03
-5.738880918220947217e-03
-9.653037064019669503e-03
-3.344481605351170509e-03
2.761200676939520610e-03
8.005569091541943003e-03
-2.353146243681366722e-03
3.583587170757928687e-03
-5.462034383954155088e-03
8.740178334951885161e-03
6.994841304537903481e-04
7.947019867549668867e-03
-8.803591865481116396e-05
-1.660669803487406634e-03
-5.839917554105118584e-03
-1.619433198380566732e-03
8.276358402302987083e-03
2.951901371765931672e-03
-4.296270836913558999e-04
8.510272500644717672e-03
4.496325118893211917e-03
2.067183462532299568e-03
-4.241031984449549798e-03
-5.106611718330048705e-03
1.760873393203028769e-04
8.940852819807427673e-03
8.623012665049851339e-03
3.686797752808988662e-03
3.654716324399582411e-03
-8.140262993112084428e-03
-1.730852444829078258e-03
-2.918956043956043994e-03
1.409707351891506012e-02
2.448836802518803389e-03
1.464759607099775989e-03
5.503772747447847197e-03
-3.225517426753875087e-03
5.361930294906166756e-04
6.606552986340505709e-03
-8.755034144633164466e-05
4.284949116229244681e-03
-5.421220204801652232e-03
-2.773801002147458644e-03
4.657702785833553287e-03
-1.014074656875601013e-02
-6.100180427871810217e-03
3.798922166269104971e-03
-5.006041774555498002e-03
-5.946655006558810262e-03
1.613770844540075291e-03
1.638747268754552067e-02
6.777572396796056886e-03
1.464002755769893121e-03
3.566333808844507954e-04
5.622991788646911591e-03
-1.231960577261527641e-02
1.362802480999388520e-02
3.911458796337452179e-03
7.953340402969247313e-04
-1.364329952427968846e-02
-6.224256292906178538e-03
1.042402826855123692e-02
-1.258374072062284910e-02
3.654716324399582411e-03
1.409707351891506012e-02
-1.314060446780551932e-03
9.646856158484064941e-03
8.376686359227581216e-03
-3.116978364503116775e-03
-1.326656123704094206e-02
-5.946655006558810262e-03
2.499353615444281640e-03
5.881335409098771907e-03
4.675838503731678635e-03
1.134624043223773047e-02
7.608306480486931936e-03
6.777572396796056886e-03
1.255801255801255838e-02
1.501634131260489412e-03
-4.468674591116275022e-04
-1.835704451583295132e-03
-2.855659397715472510e-03
-4.376766663627244987e-03
8.623012665049851339e-03
1.376798720909575349e-02
2.762677123251047230e-03
-4.296270836913558999e-04
2.783514411421388231e-03
1.922020867655134524e-02
-5.042016806722689377e-03
-4.880212954747116527e-03
-4.880212954747116527e-03
1.806734191075828194e-02
-4.296270836913558999e-04
5.221238938053097446e-03
5.722460658082975660e-03
-2.815166710653646629e-03
-1.767264817835780336e-02
9.258442818093641849e-03
4.278355016152973235e-03
5.897887323943661921e-03
3.566651805617476485e-03
-3.109452736318408118e-03
3.798922166269104971e-03
6.569847856154910175e-03
3.798922166269104971e-03
1.465463318738271896e-02
1.362802480999388520e-02
-9.488005728607232583e-03
1.024192124315733733e-02
-5.462034383954155088e-03
-5.422222222222222374e-03
-8.140262993112084428e-03
4.889298892988929585e-03
5.503772747447847197e-03
-9.488005728607232583e-03
-3.031090326491729658e-03
-1.178390137781000664e-03
-5.253316712670287429e-03
1.376798720909575349e-02
3.583587170757928687e-03
4.060913705583756549e-03
9.108769423111269178e-03
-6.272963527197777077e-04
3.536006899525657478e-03
-1.050420168067226975e-02
-5.106611718330048705e-03
-2.331404887315430361e-03
-6.991784653032686323e-04
6.905099150141642654e-03
2.580989676041295974e-03
-1.486273824095121548e-03
-1.364329952427968846e-02
-5.596693645600137393e-03
5.881335409098771907e-03
1.311188811188811199e-02
5.607640410058705414e-03
8.290528971794178248e-03
1.775725827932167348e-04
3.387769284225156542e-03
-7.271747912739025266e-03
1.134624043223773047e-02
-4.407227853680035189e-03
6.606552986340505709e-03
5.183167881929192679e-03
3.372381966631167721e-03
-1.007168133563197607e-02
3.457814661134163067e-03
4.062413442895393065e-03
7.577760155079742675e-03
